0 17
1 17
2 8
3 8
4 15
5 15
6 15
7 15
8 15
9 15
10 15
11 15
12 15
13 15
14 15
15 15
16 15
17 15
18 15
19 15
20 15
21 15
22 15
23 15
24 15
25 15
26 15
27 15
28 15
29 15
30 15
31 15
32 15
33 15
34 15
35 15
36 15
37 15
38 15
39 15
40 15
41 15
42 15
43 15
44 15
45 15
46 15
47 15
48 15
49 15
50 15
51 15
52 15
53 15
54 15
55 15
56 15
57 15
58 15
59 15
60 15
61 15
62 15
63 15
64 15
65 15
66 15
67 15
68 15
69 15
70 15
71 15
72 15
73 15
74 15
75 15
76 15
77 15
78 15
79 15
80 18
81 18
82 18
83 18
84 20
85 20
86 20
87 21
88 21
89 21
90 21
91 19
92 19
93 19
94 9
95 9
96 9
97 9
98 12
99 12
100 11
101 11
102 11
103 11
104 10
105 10
106 23
107 23
108 23
109 23
110 23
111 23
112 23
113 23
114 23
115 23
116 23
117 23
118 23
119 23
120 23
121 23
122 23
123 23
124 23
125 23
126 23
127 23
128 23
129 23
130 23
131 23
132 23
133 23
134 23
135 23
136 23
137 23
138 23
139 23
140 23
141 23
142 23
143 23
144 23
145 23
146 23
147 23
148 23
149 23
150 23
151 23
152 23
153 23
154 23
155 23
156 23
157 23
158 23
159 23
160 23
161 23
162 23
163 23
164 23
165 23
166 23
167 23
168 23
169 23
170 23
171 23
172 23
173 23
174 23
175 23
176 23
177 23
178 23
179 23
180 23
181 23
182 26
183 26
184 26
185 26
186 26
187 26
188 26
189 26
190 26
191 26
192 26
193 26
194 26
195 26
196 26
197 26
198 26
199 26
200 26
201 26
202 26
203 26
204 26
205 26
206 26
207 26
208 26
209 26
210 26
211 26
212 26
213 26
214 26
215 26
216 26
217 26
218 26
219 26
220 26
221 26
222 26
223 26
224 26
225 26
226 26
227 26
228 26
229 26
230 26
231 26
232 26
233 26
234 26
235 26
236 26
237 26
238 26
239 26
240 26
241 26
242 26
243 26
244 26
245 26
246 26
247 26
248 26
249 26
250 26
251 26
252 26
253 26
254 26
255 26
256 26
257 26
258 16
259 16
260 16
261 16
262 16
263 16
264 16
265 16
266 16
267 16
268 16
269 16
270 16
271 16
272 16
273 16
274 16
275 16
276 16
277 16
278 16
279 16
280 16
281 16
282 16
283 16
284 16
285 16
286 16
287 16
288 16
289 16
290 16
291 16
292 16
293 16
294 16
295 16
296 16
297 16
298 16
299 16
300 16
301 16
302 16
303 16
304 16
305 16
306 16
307 16
308 16
309 16
310 16
311 16
312 16
313 16
314 16
315 16
316 16
317 16
318 16
319 16
320 16
321 16
322 16
323 16
324 16
325 16
326 16
327 16
328 16
329 16
330 16
331 16
332 16
333 16
334 16
335 16
336 49
337 49
338 49
339 49
340 49
341 49
342 49
343 49
344 49
345 49
346 49
347 49
348 49
349 49
350 49
351 49
352 49
353 49
354 49
355 49
356 49
357 49
358 49
359 49
360 49
361 49
362 49
363 49
364 49
365 49
366 49
367 49
368 49
369 49
370 49
371 49
372 49
373 49
374 49
375 49
376 49
377 49
378 49
379 49
380 49
381 49
382 49
383 49
384 49
385 49
386 49
387 49
388 49
389 49
390 49
391 49
392 49
393 49
394 49
395 49
396 49
397 49
398 49
399 49
400 49
401 49
402 49
403 49
404 49
405 49
406 49
407 49
408 49
409 49
410 46
411 46
412 46
413 46
414 0
415 0
416 0
417 46
418 46
419 46
420 46
421 46
422 0
423 0
424 0
425 46
426 46
427 0
428 0
429 0
430 0
431 0
432 0
433 46
434 46
435 46
436 46
437 46
438 0
439 0
440 0
441 0
442 0
443 0
444 0
445 0
446 46
447 46
448 46
449 0
450 0
451 0
452 0
453 0
454 0
455 0
456 0
457 0
458 46
459 46
460 46
461 46
462 46
463 46
464 0
465 0
466 0
467 0
468 0
469 46
470 0
471 0
472 0
473 0
474 46
475 46
476 46
477 46
478 46
479 0
480 0
481 46
482 46
483 46
484 48
485 48
486 48
487 48
488 48
489 48
490 48
491 48
492 48
493 48
494 48
495 48
496 48
497 48
498 48
499 48
500 48
501 48
502 48
503 48
504 48
505 48
506 48
507 48
508 48
509 48
510 48
511 48
512 48
513 48
514 48
515 48
516 48
517 48
518 48
519 48
520 48
521 48
522 48
523 48
524 48
525 48
526 48
527 48
528 48
529 48
530 48
531 48
532 48
533 48
534 48
535 48
536 48
537 48
538 48
539 48
540 48
541 48
542 48
543 48
544 48
545 48
546 48
547 48
548 48
549 48
550 48
551 48
552 48
553 48
554 48
555 48
556 48
557 48
558 0
559 0
560 0
561 0
562 0
563 0
564 0
565 0
566 0
567 0
568 0
569 0
570 0
571 0
572 0
573 0
574 0
575 0
576 0
577 0
578 0
579 0
580 0
581 0
582 0
583 0
584 0
585 0
586 0
587 0
588 0
589 0
590 0
591 0
592 0
593 0
594 0
595 0
596 0
597 0
598 0
599 0
600 0
601 0
602 0
603 0
604 0
605 0
606 0
607 0
608 0
609 0
610 0
611 0
612 0
613 0
614 0
615 0
616 0
617 0
618 0
619 0
620 0
621 0
622 0
623 0
624 0
625 0
626 0
627 0
628 0
629 0
630 0
631 0
632 0
633 0
634 0
635 0
636 0
637 0
638 0
639 0
640 0
641 0
642 0
643 0
644 0
645 0
646 0
647 0
648 0
649 0
650 0
651 0
652 0
653 0
654 0
655 0
656 0
657 0
658 0
659 0
660 0
661 0
662 0
663 0
664 0
665 0
666 0
667 0
668 0
669 0
670 0
671 0
672 0
673 0
674 0
675 0
676 0
677 0
678 0
679 0
680 0
681 0
682 0
683 0
684 0
685 0
686 0
687 0
688 0
689 0
690 0
691 0
692 0
693 0
694 0
695 0
696 0
697 0
698 0
699 0
700 0
701 0
702 0
703 0
704 0
705 0
706 50
707 50
708 50
709 50
710 50
711 50
712 50
713 50
714 50
715 50
716 50
717 50
718 50
719 50
720 50
721 50
722 50
723 50
724 50
725 50
726 50
727 50
728 50
729 50
730 50
731 50
732 50
733 50
734 50
735 50
736 50
737 50
738 50
739 50
740 50
741 50
742 50
743 50
744 50
745 50
746 50
747 50
748 50
749 50
750 50
751 50
752 50
753 50
754 50
755 50
756 50
757 50
758 50
759 50
760 50
761 50
762 50
763 50
764 50
765 50
766 50
767 50
768 50
769 50
770 50
771 50
772 50
773 50
774 50
775 50
776 50
777 50
778 50
779 50
780 31
781 31
782 31
783 31
784 31
785 31
786 31
787 31
788 31
789 31
790 31
791 31
792 31
793 31
794 31
795 31
796 31
797 31
798 31
799 31
800 31
801 31
802 31
803 31
804 31
805 31
806 31
807 31
808 31
809 31
810 31
811 31
812 31
813 31
814 31
815 31
816 31
817 31
818 31
819 31
820 31
821 31
822 31
823 31
824 31
825 31
826 31
827 31
828 31
829 31
830 31
831 31
832 31
833 31
834 31
835 31
836 31
837 31
838 31
839 31
840 31
841 31
842 31
843 31
844 31
845 31
846 31
847 31
848 31
849 31
850 31
851 31
852 31
853 31
854 27
855 27
856 27
857 27
858 27
859 27
860 27
861 27
862 27
863 27
864 27
865 27
866 27
867 27
868 27
869 27
870 27
871 27
872 27
873 27
874 4
875 4
876 4
877 4
878 4
879 4
880 4
881 4
882 4
883 4
884 4
885 4
886 4
887 4
888 4
889 4
890 4
891 4
892 4
893 4
894 7
895 7
896 7
897 7
898 7
899 7
900 7
901 7
902 7
903 7
904 7
905 7
906 7
907 7
908 7
909 7
910 7
911 7
912 7
913 7
914 7
915 7
916 7
917 7
918 7
919 7
920 7
921 7
922 7
923 7
924 7
925 7
926 7
927 7
928 7
929 7
930 7
931 7
932 7
933 7
934 7
935 7
936 7
937 7
938 7
939 7
940 7
941 7
942 7
943 7
944 7
945 7
946 7
947 7
948 7
949 7
950 7
951 7
952 7
953 7
954 7
955 7
956 7
957 7
958 7
959 7
960 7
961 7
962 7
963 7
964 7
965 7
966 7
967 7
968 7
969 7
970 7
971 7
972 7
973 7
974 7
975 7
976 7
977 7
978 7
979 7
980 7
981 7
982 7
983 7
984 7
985 7
986 7
987 7
988 7
989 7
990 7
991 7
992 7
993 7
994 7
995 7
996 7
997 7
998 7
999 7
1000 7
1001 7
1002 7
1003 7
1004 7
1005 7
1006 7
1007 7
1008 7
1009 7
1010 7
1011 7
1012 7
1013 7
1014 7
1015 7
1016 7
1017 7
1018 7
1019 7
1020 7
1021 7
1022 7
1023 7
1024 7
1025 7
1026 7
1027 7
1028 7
1029 7
1030 7
1031 7
1032 7
1033 7
1034 7
1035 7
1036 7
1037 7
1038 7
1039 7
1040 7
1041 7
1042 7
1043 7
1044 7
1045 7
1046 7
1047 7
1048 7
1049 7
1050 7
1051 7
1052 7
1053 7
1054 7
1055 7
1056 7
1057 7
1058 7
1059 7
1060 7
1061 7
1062 7
1063 7
1064 7
1065 7
1066 7
1067 7
1068 7
1069 7
1070 7
1071 7
1072 7
1073 7
1074 7
1075 7
1076 7
1077 7
1078 7
1079 7
1080 7
1081 7
1082 7
1083 7
1084 7
1085 7
1086 7
1087 7
1088 7
1089 7
1090 7
1091 7
1092 7
1093 7
1094 7
1095 7
1096 7
1097 7
1098 7
1099 7
1100 7
1101 7
1102 7
1103 7
1104 7
1105 7
1106 7
1107 7
1108 7
1109 7
1110 7
1111 7
1112 7
1113 7
1114 7
1115 7
1116 7
1117 7
1118 7
1119 7
1120 7
1121 7
1122 7
1123 7
1124 7
1125 7
1126 7
1127 7
1128 7
1129 7
1130 7
1131 7
1132 7
1133 7
1134 7
1135 7
1136 7
1137 7
1138 7
1139 7
1140 7
1141 7
1142 7
1143 7
1144 7
1145 7
1146 7
1147 7
1148 7
1149 7
1150 7
1151 7
1152 7
1153 7
1154 7
1155 7
1156 7
1157 7
1158 7
1159 7
1160 7
1161 7
1162 7
1163 7
1164 7
1165 7
1166 7
1167 7
1168 7
1169 7
1170 7
1171 7
1172 7
1173 7
1174 7
1175 7
1176 7
1177 7
1178 7
1179 7
1180 7
1181 7
1182 7
1183 7
1184 7
1185 7
1186 7
1187 7
1188 7
1189 7
1190 7
1191 7
1192 7
1193 7
1194 7
1195 7
1196 7
1197 7
1198 7
1199 7
1200 7
1201 39
1202 39
1203 39
1204 39
1205 39
1206 39
1207 39
1208 39
1209 39
1210 39
1211 39
1212 39
1213 39
1214 39
1215 39
1216 39
1217 39
1218 39
1219 39
1220 39
1221 39
1222 39
1223 39
1224 39
1225 39
1226 39
1227 39
1228 39
1229 39
1230 39
1231 39
1232 39
1233 39
1234 39
1235 39
1236 39
1237 39
1238 39
1239 39
1240 39
1241 39
1242 39
1243 39
1244 39
1245 39
1246 39
1247 39
1248 39
1249 39
1250 39
1251 39
1252 39
1253 39
1254 39
1255 39
1256 39
1257 39
1258 39
1259 39
1260 39
1261 39
1262 39
1263 39
1264 39
1265 39
1266 39
1267 39
1268 39
1269 39
1270 39
1271 39
1272 39
1273 39
1274 39
1275 36
1276 36
1277 36
1278 36
1279 36
1280 36
1281 36
1282 36
1283 36
1284 36
1285 36
1286 36
1287 36
1288 36
1289 36
1290 36
1291 36
1292 36
1293 36
1294 36
1295 36
1296 36
1297 36
1298 36
1299 36
1300 36
1301 36
1302 36
1303 36
1304 36
1305 36
1306 36
1307 36
1308 36
1309 36
1310 36
1311 36
1312 36
1313 36
1314 36
1315 36
1316 36
1317 36
1318 36
1319 36
1320 36
1321 36
1322 36
1323 36
1324 36
1325 36
1326 36
1327 36
1328 36
1329 36
1330 36
1331 36
1332 36
1333 36
1334 36
1335 36
1336 36
1337 36
1338 36
1339 36
1340 36
1341 36
1342 36
1343 36
1344 36
1345 36
1346 36
1347 36
1348 36
1349 44
1350 44
1351 44
1352 44
1353 44
1354 44
1355 44
1356 44
1357 44
1358 44
1359 44
1360 44
1361 44
1362 44
1363 44
1364 44
1365 44
1366 44
1367 44
1368 44
1369 44
1370 44
1371 44
1372 44
1373 44
1374 44
1375 44
1376 44
1377 44
1378 44
1379 44
1380 44
1381 44
1382 44
1383 44
1384 44
1385 44
1386 44
1387 44
1388 44
1389 44
1390 44
1391 44
1392 44
1393 44
1394 44
1395 44
1396 44
1397 44
1398 44
1399 44
1400 44
1401 44
1402 44
1403 44
1404 44
1405 44
1406 44
1407 44
1408 44
1409 44
1410 44
1411 44
1412 44
1413 44
1414 44
1415 44
1416 44
1417 44
1418 44
1419 44
1420 44
1421 44
1422 44
1423 0
1424 0
1425 0
1426 0
1427 0
1428 0
1429 0
1430 0
1431 0
1432 0
1433 0
1434 0
1435 0
1436 0
1437 0
1438 0
1439 0
1440 0
1441 0
1442 0
1443 0
1444 0
1445 0
1446 0
1447 0
1448 0
1449 0
1450 0
1451 0
1452 0
1453 0
1454 0
1455 0
1456 0
1457 0
1458 0
1459 0
1460 0
1461 0
1462 0
1463 0
1464 0
1465 0
1466 0
1467 0
1468 0
1469 0
1470 0
1471 0
1472 0
1473 0
1474 0
1475 0
1476 0
1477 0
1478 0
1479 0
1480 0
1481 0
1482 0
1483 0
1484 0
1485 0
1486 0
1487 0
1488 0
1489 0
1490 0
1491 0
1492 0
1493 0
1494 0
1495 0
1496 0
1497 47
1498 47
1499 47
1500 47
1501 47
1502 47
1503 47
1504 47
1505 47
1506 47
1507 47
1508 47
1509 47
1510 47
1511 47
1512 47
1513 47
1514 47
1515 47
1516 47
1517 47
1518 47
1519 47
1520 47
1521 47
1522 47
1523 47
1524 47
1525 47
1526 47
1527 47
1528 47
1529 47
1530 47
1531 47
1532 47
1533 47
1534 47
1535 47
1536 47
1537 47
1538 47
1539 47
1540 47
1541 47
1542 47
1543 47
1544 47
1545 47
1546 47
1547 47
1548 47
1549 47
1550 47
1551 47
1552 47
1553 47
1554 47
1555 47
1556 47
1557 47
1558 47
1559 47
1560 47
1561 47
1562 47
1563 47
1564 47
1565 47
1566 47
1567 47
1568 47
1569 47
1570 47
1571 34
1572 34
1573 34
1574 34
1575 34
1576 34
1577 34
1578 34
1579 34
1580 34
1581 34
1582 34
1583 34
1584 34
1585 34
1586 34
1587 34
1588 34
1589 34
1590 34
1591 34
1592 34
1593 34
1594 34
1595 34
1596 34
1597 34
1598 34
1599 34
1600 34
1601 34
1602 34
1603 34
1604 34
1605 34
1606 34
1607 34
1608 34
1609 34
1610 34
1611 34
1612 34
1613 34
1614 34
1615 34
1616 34
1617 34
1618 34
1619 34
1620 34
1621 34
1622 34
1623 34
1624 34
1625 34
1626 34
1627 34
1628 34
1629 34
1630 34
1631 34
1632 34
1633 34
1634 34
1635 34
1636 34
1637 34
1638 34
1639 34
1640 34
1641 34
1642 34
1643 34
1644 34
1645 34
1646 34
1647 34
1648 34
1649 34
1650 34
1651 34
1652 34
1653 34
1654 34
1655 34
1656 34
1657 34
1658 34
1659 34
1660 34
1661 34
1662 34
1663 34
1664 34
1665 34
1666 34
1667 34
1668 34
1669 34
1670 34
1671 34
1672 34
1673 34
1674 34
1675 34
1676 34
1677 34
1678 34
1679 34
1680 34
1681 34
1682 41
1683 41
1684 41
1685 41
1686 41
1687 41
1688 41
1689 41
1690 41
1691 41
1692 41
1693 41
1694 41
1695 41
1696 41
1697 41
1698 41
1699 41
1700 41
1701 41
1702 41
1703 41
1704 41
1705 41
1706 41
1707 41
1708 41
1709 41
1710 41
1711 41
1712 41
1713 41
1714 41
1715 41
1716 41
1717 41
1718 41
1719 41
1720 41
1721 41
1722 41
1723 41
1724 41
1725 41
1726 41
1727 41
1728 41
1729 41
1730 41
1731 41
1732 41
1733 41
1734 41
1735 41
1736 41
1737 41
1738 41
1739 41
1740 41
1741 41
1742 41
1743 41
1744 41
1745 41
1746 41
1747 41
1748 41
1749 41
1750 41
1751 41
1752 41
1753 41
1754 41
1755 41
1756 41
1757 41
1758 41
1759 41
1760 41
1761 41
1762 41
1763 41
1764 41
1765 41
1766 41
1767 41
1768 41
1769 41
1770 41
1771 41
1772 41
1773 41
1774 41
1775 41
1776 41
1777 41
1778 41
1779 41
1780 41
1781 41
1782 41
1783 41
1784 41
1785 41
1786 41
1787 41
1788 41
1789 41
1790 41
1791 41
1792 41
1793 33
1794 33
1795 33
1796 33
1797 33
1798 33
1799 33
1800 33
1801 33
1802 33
1803 33
1804 33
1805 33
1806 33
1807 33
1808 33
1809 33
1810 33
1811 33
1812 33
1813 33
1814 33
1815 33
1816 33
1817 33
1818 33
1819 33
1820 33
1821 33
1822 33
1823 33
1824 33
1825 33
1826 33
1827 33
1828 33
1829 33
1830 33
1831 33
1832 33
1833 33
1834 33
1835 33
1836 33
1837 33
1838 33
1839 33
1840 33
1841 33
1842 33
1843 33
1844 33
1845 33
1846 33
1847 33
1848 33
1849 33
1850 33
1851 33
1852 33
1853 33
1854 33
1855 33
1856 33
1857 33
1858 33
1859 33
1860 33
1861 33
1862 33
1863 33
1864 33
1865 33
1866 33
1867 33
1868 33
1869 33
1870 33
1871 33
1872 33
1873 33
1874 33
1875 33
1876 33
1877 33
1878 33
1879 33
1880 33
1881 33
1882 33
1883 33
1884 33
1885 33
1886 33
1887 33
1888 33
1889 33
1890 33
1891 33
1892 33
1893 33
1894 33
1895 33
1896 33
1897 33
1898 33
1899 33
1900 33
1901 33
1902 33
1903 33
1904 32
1905 32
1906 32
1907 32
1908 32
1909 32
1910 32
1911 32
1912 32
1913 32
1914 32
1915 32
1916 32
1917 32
1918 32
1919 32
1920 32
1921 32
1922 32
1923 32
1924 32
1925 32
1926 32
1927 32
1928 32
1929 32
1930 32
1931 32
1932 32
1933 32
1934 32
1935 32
1936 32
1937 32
1938 32
1939 32
1940 32
1941 32
1942 32
1943 32
1944 32
1945 32
1946 32
1947 32
1948 32
1949 32
1950 32
1951 32
1952 32
1953 32
1954 32
1955 32
1956 32
1957 32
1958 32
1959 32
1960 32
1961 32
1962 32
1963 32
1964 32
1965 32
1966 32
1967 32
1968 32
1969 32
1970 32
1971 32
1972 32
1973 32
1974 32
1975 32
1976 32
1977 32
1978 32
1979 32
1980 32
1981 32
1982 32
1983 32
1984 32
1985 32
1986 32
1987 32
1988 32
1989 32
1990 32
1991 32
1992 32
1993 32
1994 32
1995 32
1996 32
1997 32
1998 32
1999 32
2000 32
2001 32
2002 32
2003 32
2004 32
2005 32
2006 32
2007 32
2008 32
2009 32
2010 32
2011 32
2012 32
2013 32
2014 32
2015 45
2016 45
2017 45
2018 45
2019 45
2020 45
2021 45
2022 45
2023 45
2024 45
2025 45
2026 45
2027 45
2028 45
2029 45
2030 45
2031 45
2032 45
2033 45
2034 45
2035 45
2036 45
2037 45
2038 45
2039 45
2040 45
2041 45
2042 45
2043 45
2044 45
2045 45
2046 45
2047 45
2048 45
2049 45
2050 45
2051 45
2052 45
2053 45
2054 45
2055 45
2056 45
2057 45
2058 45
2059 45
2060 45
2061 45
2062 45
2063 45
2064 45
2065 45
2066 45
2067 45
2068 45
2069 45
2070 45
2071 45
2072 45
2073 45
2074 45
2075 45
2076 45
2077 45
2078 45
2079 45
2080 45
2081 45
2082 45
2083 45
2084 45
2085 45
2086 45
2087 45
2088 45
2089 45
2090 45
2091 45
2092 45
2093 45
2094 45
2095 45
2096 45
2097 45
2098 45
2099 45
2100 45
2101 45
2102 45
2103 45
2104 45
2105 45
2106 45
2107 45
2108 45
2109 45
2110 45
2111 45
2112 45
2113 45
2114 45
2115 45
2116 45
2117 45
2118 45
2119 45
2120 45
2121 45
2122 45
2123 45
2124 45
2125 45
2126 37
2127 37
2128 37
2129 37
2130 37
2131 37
2132 37
2133 37
2134 37
2135 37
2136 37
2137 37
2138 37
2139 37
2140 37
2141 37
2142 37
2143 37
2144 37
2145 37
2146 37
2147 37
2148 37
2149 37
2150 37
2151 37
2152 37
2153 37
2154 37
2155 37
2156 37
2157 37
2158 37
2159 37
2160 37
2161 37
2162 37
2163 37
2164 37
2165 37
2166 37
2167 37
2168 37
2169 37
2170 37
2171 37
2172 37
2173 37
2174 37
2175 37
2176 37
2177 37
2178 37
2179 37
2180 37
2181 37
2182 37
2183 37
2184 37
2185 37
2186 37
2187 37
2188 37
2189 37
2190 37
2191 37
2192 37
2193 37
2194 37
2195 37
2196 37
2197 37
2198 37
2199 37
2200 37
2201 37
2202 37
2203 37
2204 37
2205 37
2206 37
2207 37
2208 37
2209 37
2210 37
2211 37
2212 37
2213 37
2214 37
2215 37
2216 37
2217 37
2218 37
2219 37
2220 37
2221 37
2222 37
2223 37
2224 37
2225 37
2226 37
2227 37
2228 37
2229 37
2230 37
2231 37
2232 37
2233 37
2234 37
2235 37
2236 37
2237 30
2238 30
2239 30
2240 30
2241 30
2242 30
2243 30
2244 30
2245 30
2246 30
2247 30
2248 30
2249 30
2250 30
2251 30
2252 30
2253 30
2254 30
2255 30
2256 30
2257 30
2258 30
2259 30
2260 30
2261 30
2262 30
2263 30
2264 30
2265 30
2266 30
2267 30
2268 30
2269 30
2270 30
2271 30
2272 30
2273 30
2274 30
2275 30
2276 30
2277 30
2278 30
2279 30
2280 30
2281 30
2282 30
2283 30
2284 30
2285 30
2286 30
2287 30
2288 30
2289 30
2290 30
2291 30
2292 30
2293 30
2294 30
2295 30
2296 30
2297 30
2298 30
2299 30
2300 30
2301 30
2302 30
2303 30
2304 30
2305 30
2306 30
2307 30
2308 30
2309 30
2310 30
2311 30
2312 30
2313 5
2314 5
2315 5
2316 5
2317 5
2318 5
2319 5
2320 5
2321 5
2322 5
2323 5
2324 5
2325 5
2326 5
2327 5
2328 5
2329 5
2330 5
2331 5
2332 5
2333 14
2334 14
2335 14
2336 14
2337 14
2338 14
2339 14
2340 14
2341 14
2342 14
2343 14
2344 29
2345 29
2346 29
2347 29
2348 29
2349 29
2350 29
2351 29
2352 29
2353 29
2354 29
2355 29
2356 29
2357 29
2358 29
2359 29
2360 29
2361 29
2362 29
2363 29
2364 25
2365 25
2366 25
2367 25
2368 25
2369 25
2370 25
2371 25
2372 28
2373 28
2374 28
2375 28
2376 28
2377 28
2378 28
2379 28
2380 28
2381 28
2382 28
2383 28
2384 28
2385 28
2386 28
2387 28
2388 28
2389 28
2390 28
2391 28
2392 13
2393 13
2394 13
2395 13
2396 13
2397 13
2398 13
2399 13
2400 13
2401 13
2402 13
2403 13
2404 13
2405 24
2406 24
2407 24
2408 24
2409 24
2410 24
2411 24
2412 24
2413 24
2414 24
2415 24
2416 3
2417 3
2418 3
2419 3
2420 3
2421 3
2422 3
2423 3
2424 3
2425 3
2426 3
2427 3
2428 3
2429 6
2430 6
2431 6
2432 6
2433 6
2434 6
2435 6
2436 6
2437 6
2438 6
2439 6
2440 6
2441 6
2442 6
2443 6
2444 6
2445 6
2446 6
2447 6
2448 6
2449 2
2450 2
2451 2
2452 2
2453 2
2454 2
2455 2
2456 2
2457 22
2458 22
2459 22
2460 22
2461 22
2462 22
2463 22
2464 22
2465 22
2466 22
2467 22
2468 22
2469 22
2470 22
2471 22
2472 22
2473 22
2474 22
2475 22
2476 22
2477 22
2478 22
2479 22
2480 22
2481 22
2482 22
2483 22
2484 22
2485 22
2486 22
2487 22
2488 22
2489 22
2490 22
2491 22
2492 22
2493 22
2494 22
2495 22
2496 22
2497 22
2498 22
2499 22
2500 22
2501 22
2502 22
2503 22
2504 22
2505 22
2506 22
2507 22
2508 22
2509 22
2510 22
2511 22
2512 22
2513 22
2514 22
2515 22
2516 22
2517 22
2518 22
2519 22
2520 22
2521 22
2522 22
2523 22
2524 22
2525 22
2526 22
2527 22
2528 22
2529 22
2530 22
2531 38
2532 38
2533 38
2534 38
2535 38
2536 38
2537 38
2538 38
2539 38
2540 38
2541 38
2542 38
2543 38
2544 38
2545 38
2546 38
2547 38
2548 38
2549 38
2550 38
2551 38
2552 38
2553 38
2554 38
2555 38
2556 38
2557 38
2558 38
2559 38
2560 38
2561 38
2562 38
2563 38
2564 38
2565 38
2566 38
2567 38
2568 38
2569 38
2570 38
2571 38
2572 38
2573 38
2574 38
2575 38
2576 38
2577 38
2578 38
2579 38
2580 38
2581 38
2582 38
2583 38
2584 38
2585 38
2586 38
2587 38
2588 38
2589 38
2590 38
2591 38
2592 38
2593 38
2594 38
2595 38
2596 38
2597 38
2598 38
2599 38
2600 38
2601 38
2602 38
2603 38
2604 38
2605 38
2606 38
2607 35
2608 35
2609 35
2610 35
2611 35
2612 35
2613 35
2614 35
2615 35
2616 35
2617 35
2618 35
2619 35
2620 35
2621 35
2622 35
2623 35
2624 35
2625 35
2626 35
2627 35
2628 35
2629 35
2630 35
2631 35
2632 35
2633 35
2634 35
2635 35
2636 35
2637 35
2638 35
2639 35
2640 35
2641 35
2642 35
2643 35
2644 35
2645 35
2646 35
2647 35
2648 35
2649 35
2650 35
2651 35
2652 35
2653 35
2654 35
2655 35
2656 35
2657 35
2658 35
2659 35
2660 35
2661 35
2662 35
2663 35
2664 35
2665 35
2666 35
2667 35
2668 35
2669 35
2670 35
2671 35
2672 35
2673 35
2674 35
2675 35
2676 35
2677 35
2678 35
2679 35
2680 35
2681 35
2682 35
2683 43
2684 43
2685 43
2686 43
2687 43
2688 43
2689 43
2690 43
2691 43
2692 43
2693 43
2694 43
2695 43
2696 43
2697 43
2698 43
2699 43
2700 43
2701 43
2702 43
2703 43
2704 43
2705 43
2706 43
2707 43
2708 43
2709 43
2710 43
2711 43
2712 43
2713 43
2714 43
2715 43
2716 43
2717 43
2718 43
2719 43
2720 43
2721 43
2722 43
2723 43
2724 43
2725 43
2726 43
2727 43
2728 43
2729 43
2730 43
2731 43
2732 43
2733 43
2734 43
2735 43
2736 43
2737 43
2738 43
2739 43
2740 43
2741 43
2742 43
2743 43
2744 43
2745 43
2746 43
2747 43
2748 43
2749 43
2750 43
2751 43
2752 43
2753 43
2754 43
2755 43
2756 43
2757 43
2758 43
2759 43
2760 43
2761 40
2762 40
2763 40
2764 40
2765 40
2766 40
2767 40
2768 40
2769 40
2770 40
2771 40
2772 40
2773 40
2774 40
2775 40
2776 40
2777 40
2778 40
2779 40
2780 40
2781 40
2782 40
2783 40
2784 40
2785 40
2786 40
2787 40
2788 40
2789 40
2790 40
2791 40
2792 40
2793 40
2794 40
2795 40
2796 40
2797 40
2798 40
2799 40
2800 40
2801 40
2802 40
2803 40
2804 40
2805 40
2806 40
2807 40
2808 40
2809 40
2810 40
2811 40
2812 40
2813 40
2814 40
2815 40
2816 40
2817 40
2818 40
2819 40
2820 40
2821 40
2822 40
2823 40
2824 40
2825 40
2826 40
2827 40
2828 40
2829 40
2830 40
2831 40
2832 40
2833 40
2834 40
2835 40
2836 40
2837 40
2838 40
2839 40
2840 40
2841 40
2842 40
2843 40
2844 40
2845 40
2846 40
2847 40
2848 40
2849 40
2850 40
2851 40
2852 40
2853 40
2854 40
2855 40
2856 40
2857 40
2858 40
2859 40
2860 40
2861 40
2862 40
2863 40
2864 40
2865 40
2866 40
2867 40
2868 40
2869 40
2870 40
2871 40
2872 42
2873 42
2874 42
2875 42
2876 42
2877 42
2878 42
2879 42
2880 42
2881 42
2882 42
2883 42
2884 42
2885 42
2886 42
2887 42
2888 42
2889 42
2890 42
2891 42
2892 42
2893 42
2894 42
2895 42
2896 42
2897 42
2898 42
2899 42
2900 42
2901 42
2902 42
2903 42
2904 42
2905 42
2906 42
2907 42
2908 42
2909 42
2910 42
2911 42
2912 42
2913 42
2914 42
2915 42
2916 42
2917 42
2918 42
2919 42
2920 42
2921 42
2922 42
2923 42
2924 42
2925 42
2926 42
2927 42
2928 42
2929 42
2930 42
2931 42
2932 42
2933 42
2934 42
2935 42
2936 42
2937 42
2938 42
2939 42
2940 42
2941 42
2942 42
2943 42
2944 42
2945 42
2946 42
2947 42
2948 42
2949 42
2950 42
2951 42
2952 42
2953 42
2954 42
2955 42
2956 42
2957 42
2958 42
2959 42
2960 42
2961 42
2962 42
2963 42
2964 42
2965 42
2966 42
2967 42
2968 42
2969 42
2970 42
2971 42
2972 42
2973 42
2974 42
2975 42
2976 42
2977 42
2978 42
2979 42
2980 42
2981 42
2982 42
2983 1
2984 1
2985 1
2986 1
2987 1
2988 1
2989 1
2990 1
2991 1
2992 1
2993 1
2994 1
2995 1
2996 1
2997 1
2998 1
2999 1
3000 1
3001 1
3002 1
3003 1
3004 1
3005 1
3006 1
3007 1
3008 1
3009 1
3010 1
3011 1
3012 1
3013 1
3014 1
3015 1
3016 1
3017 1
3018 1
3019 1
3020 1
3021 1
3022 1
3023 1
3024 1
3025 1
3026 1
3027 1
3028 1
3029 1
3030 1
3031 1
3032 1
3033 1
3034 1
3035 1
3036 1
3037 1
3038 1
3039 1
3040 1
3041 1
3042 1
3043 1
3044 1
3045 1
3046 1
3047 1
3048 1
3049 1
3050 1
3051 1
3052 1
3053 1
3054 1
3055 1
3056 1
3057 1
3058 1
3059 1
3060 1
3061 1
3062 1
3063 1
3064 1
3065 1
3066 1
3067 1
3068 1
3069 1
3070 1
3071 1
3072 1
3073 1
3074 1
3075 1
3076 1
3077 1
3078 1
3079 1
3080 1
3081 1
3082 1
3083 1
3084 1
3085 1
3086 1
3087 1
3088 1
3089 1
3090 1
3091 1
3092 1
3093 1
3094 1
3095 1
3096 1
3097 1
3098 1
3099 1
3100 1
3101 1
3102 1
3103 1
3104 1
3105 1
3106 1
3107 1
3108 1
3109 1
3110 1
3111 1
3112 1
3113 1
3114 1
3115 1
3116 1
3117 1
3118 1
3119 1
3120 1
3121 1
3122 1
3123 1
3124 1
3125 1
3126 1
3127 1
3128 1
3129 1
3130 1
3131 1
3132 1
3133 1
3134 1
3135 1
3136 1
3137 1
3138 1
3139 1
3140 1
3141 1
3142 1
3143 1
3144 1
3145 1
3146 1
3147 1
3148 1
3149 1
3150 1
3151 1
3152 1
3153 1
3154 1
3155 1
3156 1
3157 1
3158 1
3159 1
3160 1
3161 1
3162 1
3163 1
3164 1
3165 1
3166 1
3167 1
3168 1
3169 1
3170 1
3171 1
3172 1
3173 1
3174 1
3175 1
3176 1
3177 1
3178 1
3179 1
3180 1
3181 1
3182 1
3183 1
3184 1
3185 1
3186 1
3187 1
3188 1
3189 1
3190 1
3191 1
3192 1
3193 1
3194 1
3195 1
3196 1
3197 1
3198 1
3199 1
3200 1
3201 1
3202 1
3203 1
3204 1
3205 1
3206 1
3207 1
3208 1
3209 1
3210 1
3211 1
3212 1
3213 1
3214 1
3215 1
3216 1
3217 1
3218 1
3219 1
3220 1
3221 1
3222 1
3223 1
3224 1
3225 1
3226 1
3227 1
3228 1
3229 1
3230 1
3231 1
3232 1
3233 1
3234 1
3235 1
3236 1
3237 1
3238 1
3239 1
3240 1
3241 1
3242 1
3243 1
3244 1
3245 1
3246 1
3247 1
3248 1
3249 1
3250 1
3251 1
3252 1
3253 1
3254 1
3255 1
3256 1
3257 1
3258 1
3259 1
3260 1
3261 1
3262 1
3263 1
3264 1
3265 1
3266 1
3267 1
3268 1
3269 1
3270 1
3271 1
3272 1
3273 1
3274 1
3275 1
3276 1
3277 1
3278 1
3279 1
3280 1
3281 1
3282 1
3283 1
3284 1
3285 1
3286 1
3287 1
3288 1
3289 1
3290 1
3291 1
3292 1
3293 1
3294 1
3295 1
3296 1
3297 1
3298 1
3299 1
3300 1
3301 1
3302 1
3303 1
3304 1
3305 1
3306 1
3307 1
3308 1
3309 1
3310 1
3311 1
3312 1
3313 1
3314 1
3315 1
3316 1
3317 1
3318 1
3319 1
3320 1
3321 1
3322 1
3323 1
3324 1
3325 1
3326 1
3327 1
3328 1
3329 1
3330 1
3331 1
3332 1
3333 1
3334 1
3335 1
3336 1
3337 1
3338 1
3339 1
3340 1
3341 1
3342 1
3343 1
3344 1
3345 1
3346 1
3347 1
3348 1
3349 1
3350 1
3351 1
3352 1
3353 1
3354 1
3355 1
3356 1
3357 1
3358 1
3359 1
3360 1
3361 1
3362 1
3363 1
3364 1
3365 1
3366 1
3367 1
3368 1
3369 1
3370 1
3371 1
3372 1
3373 1
3374 1
3375 1
3376 1
3377 1
3378 1
3379 1
3380 1
3381 1
3382 1
3383 1
3384 1
3385 1
3386 1
3387 1
3388 1
3389 1
3390 1
3391 1
3392 1
3393 1
3394 1
3395 1
3396 1
3397 1
3398 1
3399 1
3400 1
3401 1
3402 1
3403 1
3404 1
3405 1
3406 1
3407 1
3408 1
3409 1
3410 1
3411 1
3412 1
3413 1
3414 1
3415 1
3416 1
3417 1
3418 1
3419 1
3420 1
3421 1
3422 1
3423 1
3424 1
3425 1
3426 1
3427 1
3428 1
3429 1
3430 1
3431 1
3432 1
3433 1
3434 1
3435 1
3436 1
3437 1
3438 1
3439 1
3440 1
3441 1
3442 1
3443 1
3444 1
3445 1
3446 1
3447 1
3448 1
3449 1
3450 1
3451 1
3452 1
3453 1
3454 1
3455 1
3456 1
3457 1
3458 1
3459 1
3460 1
3461 1
3462 1
3463 1
3464 1
3465 1
3466 1
3467 1
3468 1
3469 1
3470 1
3471 1
3472 1
3473 1
3474 1
3475 1
3476 1
3477 1
3478 1
3479 1
3480 1
3481 1
3482 1
3483 1
3484 1
3485 1
3486 1
3487 1
3488 1
3489 1
3490 1
3491 1
3492 1
3493 1
3494 1
3495 1
3496 1
3497 1
3498 1
3499 1
3500 1
3501 1
3502 1
3503 1
3504 1
3505 1
3506 1
3507 1
3508 1
3509 1
3510 1
3511 1
3512 1
3513 1
3514 1
3515 1
3516 1
3517 1
3518 1
3519 1
3520 1
3521 1
3522 1
3523 1
3524 1
3525 1
3526 1
3527 1
3528 1
3529 1
3530 1
3531 1
3532 1
3533 1
3534 1
3535 1
3536 1
3537 1
3538 1
3539 1
3540 1
3541 1
3542 1
3543 1
3544 1
3545 1
3546 1
3547 1
3548 1
3549 1
3550 1
3551 1
3552 1
3553 1
3554 1
3555 1
3556 1
3557 1
3558 1
3559 1
3560 1
3561 1
3562 1
3563 1
3564 1
3565 1
3566 1
3567 1
3568 1
3569 1
3570 1
3571 1
3572 1
3573 1
3574 1
3575 1
3576 1
3577 1
3578 1
3579 1
3580 1
3581 1
3582 1
3583 1
3584 1
3585 1
3586 1
3587 1
3588 1
3589 1
3590 1
3591 1
3592 1
3593 1
3594 1
3595 1
3596 1
3597 1
3598 1
3599 1
3600 1
3601 1
3602 1
3603 1
3604 1
3605 1
3606 1
3607 1
3608 1
3609 1
3610 1
3611 1
3612 1
3613 1
3614 1
3615 1
3616 1
3617 1
3618 1
3619 1
3620 1
3621 1
3622 1
3623 1
**********
1 -0.00470227353851 0.0258812345006 -0.00353602689334 6.12323399574e-17 1 6.12323399574e-17 100 0
2 -0.00384631041495 -0.000888870394522 0.253949610975 -0.0000121549912173 2.1527380637e-7 0.999999999926 100 0
3 -0.031534276533 -0.0419195565615 0.275601605634 0 0 1 100 0
4 0.00253423030418 -0.0353075766882 0.262154337679 6.12323399574e-17 1 6.12323399574e-17 100 0
5 -0.373256252611 6.94639248097e-8 0.275601350137 7.15222837438e-8 1 -1.55179882755e-7 0.0217926773497 2
6 0.377642800889 -0.00413487373139 0.276211860395 0.00382595167265 -0.999788685266 -0.0201976956 0.0227529507724 2
7 -0.002785093677 -0.0746432453498 0.0109526115723 6.12323399574e-17 -1 6.12323399574e-17 100 0
8 -0.20717190050726844 -0.0047131710938225985 -0.0019329464284015552 0 -1 0 100 0
9 -0.381997006504 -0.0455057144098 0.0053515735136 1 0 6.12323399574e-17 100 0
10 -0.20717190050726844 -0.03967820822180289 -0.1942409140513298 0 0 1 100 0
11 -0.0323467945109 -0.0455057144098 -0.00921723694104 -1 -3.21624529935e-16 6.12323399574e-17 100 0
12 -0.20717190050726844 -0.03967820822180289 0.19037502119452668 0 0 -1 100 0
13 -0.0505857343624 -0.0409109496728 -0.279468180848 1.22464679915e-16 0 -1 100 0
14 -0.451927049991 -0.0259041036042 0.0254494152476 -1 1.22464679915e-16 6.12323399574e-17 100 0
15 -0.395108261041 0.0000159419191723 -0.231391593014 0.0000441393209532 0.999999999005 -0.00000647340367644 0.0217812252736 2
16 -0.401666568368 0.0000114325771746 0.227525477886 -0.0000186892243965 -0.999999999677 0.0000172540700873 0.0217802655614 2
17 0.21240845024434216 -0.0047131710938225985 -0.0019329464284015552 0 -1 0 100 0
18 0.0375832754192 -0.0455057144098 0.0053515735136 1 -1.13149133644e-17 6.12323399574e-17 100 0
19 0.212044116415 -0.0435632123471 -0.194240914051 0 0 1 100 0
20 0.212044116415 -0.0435632123471 0.190375021195 1.22464679915e-16 0 -1 100 0
21 0.38723362507 -0.0455057144098 -0.00921723694104 -1 1.22464679915e-16 6.12323399574e-17 100 0
22 0.0026183912947 2.65675566303e-9 -0.00193319669961 0.00000113810601483 -0.999999999999 1.67210723413e-7 0.0174264978968 2
23 0.406901176656 0.0000120096360177 0.227524858486 0.0000248905964886 -0.999999999656 0.00000826996675106 0.0217813182418 2
24 0.457163695 -0.0259041036042 0.0249693238763 1 0 6.12323399574e-17 100 0
25 0.00935662960763 -0.000888870394522 -0.257815985633 0.000012563625369 9.09594783862e-8 -0.999999999921 100 0
26 0.406892384988 0.000164402444635 -0.231386238264 -0.000306612206947 0.999999938317 0.000171333708694 0.0217815538564 2
27 0.00287167042311 -0.0353075766882 -0.265850649622 6.12323399574e-17 1 6.12323399574e-17 100 0
28 0.378491442678 6.65689981116e-7 -0.279469349301 0.00000263170170704 0.999999999979 0.00000594614959047 0.0217946852398 2
29 -0.373255677597 4.54673441148e-7 -0.279468183238 -6.21240054629e-7 -0.999999999999 -7.97200099936e-7 0.0217933020602 2
30 -0.395101595596 2.47120603007e-11 -0.231402634428 0.000357842117062 -0.999999749322 -0.000610987063671 0.0261412114445 2
31 -0.395108887175 0.014954661074 -0.23139124882 6.12323399574e-17 1 6.12323399574e-17 100 0
32 -0.320791279061 -0.000599439823287 -0.245584327081 0.00121729618937 -0.999998897171 0.000850791917818 0.00872354017589 2
33 -0.106637328976 -0.000461125324204 -0.245574811539 0.000728951725723 -0.999998515642 0.00156119909995 0.00872949102432 2
34 0.11188078503 -0.000146082196747 -0.245589757207 -0.000234228827116 -0.999999853439 0.000488116734369 0.00872955236975 2
35 0.406736766804 -0.00356576815537 -0.231310906647 -0.00690139870158 -0.999970806974 0.00327961822683 0.0261192344536 2
36 0.406901587454 0.014954661074 -0.231391256261 6.12323399574e-17 1 6.12323399574e-17 100 0
37 0.326025536054 -0.000695077133251 -0.245582361315 -0.00138469560088 -0.999998549226 0.000992050072318 0.00872465582409 2
38 0.40676268904 -0.00351081575139 0.227408453988 -0.00585371882445 -0.999970528823 -0.00496744010076 0.0261229043755 2
39 0.406901587454 0.014954661074 0.227524775569 6.12323399574e-17 1 6.12323399574e-17 100 0
40 0.326036266167 -0.000341990539077 0.241721286688 -0.000626250834982 -0.999999641387 -0.000570119141769 0.00872953440954 2
41 0.11188346401 -0.0000432431210384 0.241726914904 -0.0000455948108365 -0.999999986512 -0.000157788863077 0.00872941039658 2
42 -0.106649839912 0.000141944463502 0.241735508169 -0.000190749054819 -0.999999855286 0.000503033616045 0.00872287191391 2
43 -0.401675853767 1.8726131917e-10 0.227513444612 -0.000408710906129 -0.999999656139 -0.000721579839739 0.0261430939242 2
44 -0.401664833091 0.014954661074 0.227524812773 6.12323399574e-17 1 6.12323399574e-17 100 0
45 -0.320805592682 -0.000136347771191 0.241724445185 0.000166134213836 -0.999999927177 -0.000343577068774 0.00872473333372 2
46 -0.0365812989823 0.994194287253 -0.101190551721 0.0248502265616 -0.147580610399 0.0792058484656 1.2702721765 3
47 0.0315551254576 -0.995847656639 -0.0853915617805 -0.115083285249 0.0674276158985 0.266660163891 0.938748644721 3
48 -0.295403208367 0.955310169132 0.0109281855917 0.0369611070553 -0.0936038874226 -0.0356032656222 1.06643658894 3
49 -0.0778185326898 0.994848191082 -0.0649719375605 0.100825705402 0.0605827657585 -0.241630351986 1.05450378126 3
50 0.0415436786089 -0.998418407087 -0.0378788484256 0.372403588305 0.0355592188796 -0.275854476673 1.08474775609 3