0 18
1 17
2 18
3 17
4 17
5 17
6 17
7 17
8 17
9 18
10 0
11 17
12 18
13 0
14 0
15 18
16 0
17 0
18 18
19 0
20 0
21 18
22 5
23 0
24 18
25 5
26 18
27 5
28 5
29 5
30 5
31 5
32 5
33 5
34 5
35 18
36 18
37 18
38 18
39 18
40 18
41 18
42 18
43 18
44 16
45 18
46 16
47 16
48 16
49 16
50 16
51 16
52 16
53 16
54 16
55 0
56 0
57 16
58 16
59 0
60 16
61 0
62 12
63 12
64 12
65 12
66 12
67 12
68 12
69 12
70 14
71 12
72 14
73 14
74 14
75 14
76 14
77 14
78 14
79 14
80 12
81 12
82 12
83 12
84 12
85 12
86 12
87 12
88 12
89 5
90 5
91 5
92 0
93 5
94 0
95 0
96 0
97 0
98 0
99 0
100 12
101 15
102 0
103 15
104 15
105 0
106 15
107 0
108 34
109 34
110 34
111 5
112 34
113 34
114 5
115 0
116 34
117 34
118 5
119 0
120 5
121 0
122 5
123 0
124 5
125 0
126 0
127 5
128 29
129 0
130 29
131 5
132 29
133 5
134 5
135 5
136 29
137 5
138 30
139 5
140 29
141 5
142 30
143 5
144 30
145 5
146 30
147 5
148 5
149 30
150 5
151 30
152 5
153 30
154 5
155 0
156 30
157 30
158 5
159 0
160 0
161 0
162 5
163 0
164 5
165 0
166 0
167 5
168 28
169 5
170 28
171 5
172 28
173 5
174 28
175 5
176 28
177 28
178 28
179 28
180 28
181 28
182 28
183 28
184 28
185 28
186 28
187 28
188 28
189 28
190 28
191 5
192 0
193 28
194 5
195 0
196 5
197 0
198 5
199 0
200 5
201 0
202 0
203 5
204 32
205 0
206 32
207 5
208 32
209 5
210 5
211 5
212 32
213 5
214 32
215 5
216 32
217 5
218 32
219 32
220 5
221 31
222 5
223 5
224 5
225 32
226 5
227 31
228 5
229 31
230 5
231 0
232 31
233 31
234 5
235 0
236 0
237 0
238 5
239 0
240 5
241 0
242 0
243 5
244 33
245 33
246 5
247 33
248 33
249 5
250 5
251 5
252 5
253 5
254 33
255 33
256 0
257 12
258 0
259 0
260 0
261 0
262 0
263 0
264 1
265 0
266 1
267 1
268 1
269 5
270 0
271 5
272 1
273 4
274 0
275 2
276 4
277 1
278 2
279 0
280 1
281 1
282 0
283 0
284 3
285 0
286 8
287 3
288 5
289 6
290 8
291 7
292 6
293 3
294 7
295 5
296 3
297 3
298 5
299 0
300 5
301 3
302 3
303 0
304 5
305 0
306 5
307 0
308 5
309 0
310 5
311 0
312 0
313 5
314 0
315 5
316 0
317 5
318 11
319 5
320 0
321 11
322 11
323 11
324 60
325 11
326 11
327 11
328 11
329 11
330 11
331 11
332 11
333 11
334 11
335 11
336 11
337 11
338 11
339 0
340 11
341 11
342 11
343 11
344 60
345 60
346 60
347 60
348 60
349 60
350 60
351 60
352 60
353 60
354 60
355 60
356 60
357 23
358 60
359 60
360 5
361 26
362 23
363 5
364 24
365 26
366 25
367 24
368 23
369 25
370 0
371 23
372 23
373 0
374 0
375 19
376 0
377 57
378 19
379 19
380 5
381 22
382 57
383 20
384 22
385 19
386 20
387 19
388 19
389 0
390 19
391 19
392 0
393 0
394 0
395 0
396 0
397 0
398 0
399 18
400 19
401 21
402 21
403 19
404 0
405 0
406 19
407 0
408 19
409 19
410 19
411 56
412 56
413 56
414 56
415 56
416 56
417 56
418 56
419 56
420 56
421 56
422 56
423 56
424 56
425 56
426 56
427 56
428 14
429 56
430 14
431 14
432 56
433 13
434 56
435 56
436 13
437 56
438 13
439 13
440 56
441 13
442 56
443 13
444 56
445 13
446 56
447 13
448 56
449 13
450 13
451 56
452 13
453 56
454 13
455 56
456 13
457 56
458 13
459 56
460 13
461 16
462 56
463 16
464 56
465 16
466 16
467 16
468 16
469 16
470 16
471 16
472 13
473 56
474 56
475 56
476 56
477 0
478 56
479 56
480 56
481 56
482 56
483 56
484 0
485 56
486 56
487 56
488 56
489 56
490 56
491 56
492 56
493 56
494 56
495 56
496 56
497 56
498 56
499 56
500 56
501 56
502 56
503 56
504 56
505 56
506 56
507 56
508 56
509 56
510 56
511 56
512 56
513 56
514 56
515 56
516 56
517 56
518 56
519 56
520 56
521 56
522 56
523 56
524 56
525 56
526 56
527 56
528 56
529 56
530 56
531 56
532 56
533 56
534 56
535 56
536 56
537 56
538 56
539 56
540 56
541 56
542 56
543 56
544 56
545 56
546 56
547 56
548 56
549 56
550 56
551 56
552 56
553 56
554 56
555 56
556 1
557 10
558 1
559 10
560 1
561 1
562 1
563 1
564 1
565 0
566 44
567 53
568 53
569 54
570 44
571 54
572 54
573 54
574 54
575 54
576 54
577 54
578 54
579 54
580 54
581 42
582 42
583 42
584 42
585 42
586 42
587 42
588 42
589 42
590 42
591 54
592 11
593 0
594 11
595 11
596 11
597 11
598 11
599 11
600 11
601 0
602 11
603 0
604 0
605 11
606 60
607 11
608 11
609 11
610 11
611 11
612 0
613 11
614 11
615 11
616 11
617 11
618 11
619 11
620 11
621 11
622 11
623 11
624 11
625 11
626 11
627 11
628 43
629 11
630 43
631 53
632 53
633 53
634 53
635 53
636 53
637 53
638 53
639 53
640 53
641 23
642 27
643 27
644 23
645 60
646 23
647 60
648 55
649 48
650 55
651 55
652 50
653 50
654 48
655 55
656 51
657 55
658 55
659 51
660 55
661 51
662 55
663 42
664 42
665 55
666 42
667 42
668 55
669 0
670 0
671 42
672 55
673 0
674 0
675 56
676 0
677 56
678 0
679 56
680 0
681 0
682 0
683 56
684 0
685 0
686 0
687 56
688 56
689 0
690 56
691 0
692 56
693 0
694 56
695 0
696 0
697 55
698 0
699 55
700 0
701 55
702 0
703 0
704 55
705 43
706 0
707 55
708 43
709 43
710 47
711 55
712 47
713 43
714 43
715 43
716 47
717 55
718 55
719 55
720 45
721 45
722 55
723 46
724 55
725 55
726 46
727 55
728 46
729 55
730 43
731 43
732 55
733 43
734 43
735 43
736 43
737 43
738 43
739 43
740 43
741 43
742 43
743 55
744 55
745 0
746 55
747 55
748 55
749 55
750 55
751 55
752 55
753 55
754 55
755 55
756 55
757 55
758 55
759 55
760 55
761 55
762 55
763 55
764 55
765 56
766 56
767 56
768 55
769 56
770 56
771 56
772 56
773 56
774 56
775 56
776 56
777 56
778 56
779 56
780 56
781 56
782 56
783 56
784 56
785 56
786 56
787 56
788 55
789 56
790 55
791 56
792 55
793 56
794 55
795 56
796 55
797 55
798 56
799 55
800 56
801 55
802 56
803 55
804 55
805 56
806 56
807 55
808 56
809 55
810 55
811 55
812 55
813 0
814 55
815 55
816 55
817 55
818 55
819 55
820 55
821 55
822 55
823 55
824 42
825 0
826 42
827 42
828 42
829 42
830 42
831 42
832 42
833 42
834 42
835 42
836 42
837 50
838 3
839 9
840 3
841 3
842 3
843 0
844 3
845 3
846 9
847 60
848 60
849 60
850 60
851 60
852 60
853 60
854 60
855 60
856 60
857 60
858 60
859 60
860 60
861 11
862 0
863 0
864 11
865 11
866 0
867 0
868 0
869 0
870 0
871 0
872 0
873 0
874 0
875 0
876 0
877 0
878 43
879 0
880 43
881 0
882 43
883 0
884 0
885 0
886 0
887 0
888 0
889 0
890 0
891 0
892 0
893 0
894 0
895 0
896 0
897 0
898 0
899 43
900 0
901 43
902 0
903 0
904 0
905 0
906 0
907 0
908 55
909 43
910 43
911 55
912 0
913 55
914 55
915 0
916 0
917 0
918 0
919 0
920 0
921 0
922 0
923 0
924 0
925 0
926 0
927 0
928 0
929 0
930 0
931 0
932 0
933 0
934 0
935 0
936 0
937 0
938 0
939 0
940 0
941 0
942 0
943 0
944 0
945 0
946 0
947 0
948 0
949 60
950 0
951 60
952 60
953 3
954 3
955 0
956 0
957 0
958 0
959 0
960 0
961 0
962 0
963 0
964 0
965 19
966 19
967 0
968 0
969 0
970 0
971 0
972 0
973 0
974 0
975 18
976 18
977 0
978 0
979 0
980 14
981 14
982 14
983 14
984 14
985 12
986 0
987 0
988 0
989 0
990 0
991 12
992 0
993 0
994 56
995 56
996 0
997 0
998 0
999 0
1000 0
1001 0
1002 14
1003 14
1004 0
1005 0
1006 0
1007 0
1008 0
1009 0
1010 0
1011 0
1012 0
1013 0
1014 0
1015 0
1016 0
1017 14
1018 14
1019 0
1020 0
1021 0
1022 14
1023 0
1024 0
1025 0
1026 18
1027 18
1028 0
1029 0
1030 0
1031 0
1032 0
1033 0
1034 56
1035 56
1036 0
1037 0
1038 0
1039 56
1040 0
1041 0
1042 0
1043 0
1044 0
1045 0
1046 0
1047 0
1048 0
1049 0
1050 0
1051 0
1052 0
1053 0
1054 0
1055 0
1056 48
1057 0
1058 0
1059 0
1060 0
1061 0
1062 0
1063 0
1064 0
1065 0
1066 0
1067 0
1068 1
1069 0
1070 1
1071 56
1072 0
1073 0
1074 0
1075 0
1076 0
1077 0
1078 0
1079 0
1080 19
1081 19
1082 56
1083 0
1084 56
1085 0
1086 0
1087 0
1088 0
1089 0
1090 0
1091 55
1092 55
1093 0
1094 0
1095 55
1096 23
1097 60
1098 60
1099 0
1100 0
1101 0
1102 55
1103 0
1104 60
1105 60
1106 60
1107 60
1108 60
1109 0
1110 0
1111 0
1112 1
1113 0
1114 0
1115 0
1116 0
1117 0
1118 0
1119 0
1120 0
1121 0
1122 56
1123 56
1124 0
1125 0
1126 0
1127 0
1128 0
1129 0
1130 55
1131 55
1132 0
1133 55
1134 55
1135 55
1136 55
1137 0
1138 0
1139 3
1140 0
1141 0
1142 0
1143 0
1144 0
1145 0
1146 0
1147 0
1148 0
1149 34
1150 34
1151 34
1152 34
1153 34
1154 34
1155 0
1156 0
1157 34
1158 34
1159 34
1160 34
1161 34
1162 34
1163 34
1164 34
1165 34
1166 34
1167 33
1168 0
1169 33
1170 33
1171 33
1172 0
1173 0
1174 0
1175 0
1176 0
1177 33
1178 33
1179 33
1180 15
1181 33
1182 15
1183 15
1184 15
1185 33
1186 33
1187 33
1188 33
1189 33
1190 33
1191 33
1192 33
1193 33
1194 29
1195 29
1196 29
1197 29
1198 30
1199 30
1200 58
1201 58
1202 58
1203 58
1204 58
1205 58
1206 58
1207 58
1208 58
1209 58
1210 58
1211 58
1212 58
1213 58
1214 58
1215 58
1216 58
1217 58
1218 58
1219 58
1220 58
1221 58
1222 0
1223 58
1224 58
1225 58
1226 58
1227 58
1228 0
1229 58
1230 58
1231 58
1232 58
1233 0
1234 0
1235 0
1236 58
1237 58
1238 58
1239 58
1240 58
1241 58
1242 58
1243 58
1244 58
1245 58
1246 58
1247 58
1248 58
1249 58
1250 58
1251 58
1252 58
1253 58
1254 58
1255 58
1256 58
1257 58
1258 58
1259 58
1260 58
1261 58
1262 58
1263 58
1264 58
1265 58
1266 58
1267 58
1268 58
1269 58
1270 58
1271 58
1272 58
1273 58
1274 58
1275 58
1276 58
1277 58
1278 58
1279 58
1280 0
1281 58
1282 58
1283 58
1284 58
1285 58
1286 58
1287 59
1288 59
1289 59
1290 59
1291 59
1292 59
1293 59
1294 59
1295 59
1296 59
1297 59
1298 59
1299 59
1300 59
1301 59
1302 59
1303 59
1304 59
1305 59
1306 59
1307 59
1308 59
1309 59
1310 59
1311 59
1312 59
1313 58
1314 59
1315 31
1316 32
1317 0
1318 31
1319 31
1320 28
1321 28
1322 28
1323 28
1324 28
1325 28
1326 28
1327 28
1328 28
1329 28
1330 43
1331 28
1332 28
1333 28
1334 28
1335 28
1336 28
1337 28
1338 28
1339 28
1340 28
1341 28
1342 28
1343 30
1344 30
1345 30
1346 30
1347 59
1348 0
1349 59
1350 59
1351 38
1352 38
1353 59
1354 41
1355 59
1356 59
1357 41
1358 0
1359 59
1360 41
1361 59
1362 59
1363 59
1364 59
1365 59
1366 0
1367 59
1368 59
1369 59
1370 59
1371 59
1372 59
1373 59
1374 59
1375 59
1376 59
1377 59
1378 59
1379 59
1380 59
1381 59
1382 59
1383 59
1384 59
1385 59
1386 59
1387 59
1388 59
1389 59
1390 59
1391 59
1392 59
1393 59
1394 59
1395 59
1396 58
1397 59
1398 59
1399 59
1400 59
1401 59
1402 0
1403 59
1404 0
1405 59
1406 59
1407 59
1408 58
1409 59
1410 59
1411 59
1412 59
1413 59
1414 59
1415 59
1416 59
1417 59
1418 59
1419 59
1420 59
1421 59
1422 59
1423 59
1424 59
1425 59
1426 59
1427 59
1428 59
1429 59
1430 59
1431 59
1432 59
1433 59
1434 59
1435 59
1436 59
1437 59
1438 59
1439 59
1440 59
1441 59
1442 59
1443 59
1444 59
1445 59
1446 59
1447 59
1448 59
1449 59
1450 59
1451 59
1452 43
1453 39
1454 39
1455 43
1456 43
1457 39
1458 40
1459 36
1460 36
1461 40
1462 59
1463 36
1464 42
1465 38
1466 42
1467 32
1468 32
1469 32
1470 32
1471 32
1472 0
1473 0
1474 59
1475 59
1476 29
1477 59
1478 59
1479 30
1480 58
1481 29
1482 0
1483 0
1484 59
1485 59
1486 59
1487 32
1488 59
1489 31
1490 58
1491 31
1492 0
1493 0
1494 0
1495 0
1496 0
1497 0
1498 0
1499 0
1500 0
1501 0
1502 0
1503 0
1504 0
1505 0
1506 0
1507 58
1508 0
1509 0
1510 0
1511 0
1512 0
1513 0
1514 16
1515 0
1516 16
1517 0
1518 0
1519 16
1520 0
1521 0
1522 0
1523 34
1524 34
1525 0
1526 0
1527 0
1528 0
1529 29
1530 0
1531 0
1532 0
1533 0
1534 0
1535 0
1536 0
1537 0
1538 0
1539 0
1540 0
1541 0
1542 0
1543 0
1544 0
1545 0
1546 0
1547 0
1548 0
1549 0
1550 31
1551 0
1552 0
1553 0
1554 0
1555 0
1556 33
1557 33
1558 0
1559 0
1560 0
1561 0
1562 0
1563 0
1564 0
1565 0
1566 0
1567 0
1568 0
1569 0
1570 0
1571 0
1572 0
1573 0
1574 0
1575 0
1576 0
1577 0
1578 33
1579 0
1580 0
1581 0
1582 0
1583 0
1584 0
1585 0
1586 0
1587 0
1588 0
1589 0
1590 0
1591 0
1592 0
1593 0
1594 0
1595 0
1596 0
1597 0
1598 0
1599 0
1600 0
1601 0
1602 43
1603 0
1604 0
1605 0
1606 0
1607 43
1608 0
1609 0
1610 0
1611 0
1612 0
1613 0
1614 0
1615 0
1616 0
1617 0
1618 0
1619 0
1620 0
1621 0
1622 0
1623 0
1624 0
1625 0
1626 0
1627 0
1628 0
1629 59
1630 0
1631 0
1632 0
1633 0
1634 0
1635 0
1636 0
1637 0
1638 0
1639 49
1640 43
1641 49
1642 49
1643 43
1644 49
1645 49
1646 43
1647 49
1648 49
1649 43
1650 49
1651 43
1652 49
1653 43
1654 49
1655 49
1656 43
1657 49
1658 49
1659 43
1660 49
1661 49
1662 49
1663 35
1664 35
1665 42
1666 37
1667 42
1668 42
1669 42
1670 42
1671 42
1672 42
1673 42
1674 37
1675 52
1676 52
1677 52
1678 52
1679 52
1680 52
1681 52
1682 52
1683 52
1684 52
1685 52
1686 52
1687 52
1688 52
1689 52
1690 52
1691 45
1692 45
1693 45
1694 45
1695 45
1696 45
1697 45
1698 48
1699 48
1700 48
1701 48
1702 48
1703 48
**********
1 0.0538467293859 0.189612494351 0.0239656076723 0.00445935418127 0.995546662862 0.0941645168 100 0
2 0.13594771461704086 0.21560042096570242 0.19186874855080968 0 0.14142345625119065 -0.9899491936569108 100 0
3 0.0501690663924 0.195130945912 -0.04150381305 0.00482248491404 0.99681138834 0.079647973708 100 0
4 0.13594771461704086 0.25066312757727266 0.23861967830287578 0 0.9899489936554878 0.1414248562328677 100 0
5 0.161770725668 -0.000570332783915 0.0227825199772 0.999999999891 1.73153973022e-7 0.0000147678672613 100 0
6 0.13594771461704086 0.2899244912136363 -0.20736771839133905 0 1 0 100 0
7 0.13594771461704086 0.24860217716404953 -0.2486900324409258 0 0 -1 100 0
8 0.13594771461704086 0.24860217716404953 -0.16604540434175227 0 0 1 100 0
9 0.11012126833604914 0.24860217716404953 -0.20736771839133905 -1 0 0 100 0
10 0.11012126833604914 0.20975644713650132 0.23277577334419808 -1 0 0 100 0
11 -0.005549750739 -0.0122049123259 -0.299977712965 -0.00338870163466 -0.0000922681747958 -0.999994254077 100 0
12 0.0621119866681 0.11211386324 0.31922891034 -0.00169512984194 0.00733460705582 0.999971664636 100 0
13 -0.0360963453003 0.000658941403461 0.278169471691 0 0 1 100 0
14 -0.0106793984558 0.0833129209657 0.30041118926 6.12323399574e-17 -1 6.12323399574e-17 100 0
15 0.113327948002 0.0833324457591 0.305364320176 0.00114123683395 -0.999999144637 -0.000638986013516 100 0
16 -0.00946830191188 -0.0819763352326 0.300068462683 6.12323399574e-17 1 6.12323399574e-17 100 0
17 0.112983595385 -0.081995860026 0.308807846347 0.00108144899345 0.999998901074 -0.00101406096152 100 0
18 0.0617249375509 -0.113354431276 0.319244863602 -0.00197218583622 -0.00813534345878 0.999964962721 100 0
19 0.0551202084952 -0.186240993176 0.0357298424443 -0.00794558952536 -0.995502078274 0.0944059307435 100 0
20 0.13594771461704086 -0.20257592200950408 0.27368279813758656 0 0.14142380625950582 0.989949143654902 100 0
21 0.11012126833604914 -0.20841986140344348 0.2327757733441981 -1 0 0 100 0
22 0.13594771461704086 -0.24932654184421482 0.23861967830287578 0 -0.9899489936554878 0.14142485623286738 100 0
23 0.0539505119757 -0.192464025639 -0.0321445061891 -0.0000656795103479 -0.996654799674 0.0817264092752 100 0
24 0.13594771461704086 -0.28858790548057844 -0.20736771839133905 0 -1 0 100 0
25 0.13594771461704086 -0.2472655914309917 -0.16604540434175227 0 0 1 100 0
26 0.13594771461704086 -0.2472655914309917 -0.2486900324409258 0 0 -1 100 0
27 0.11012126833604914 -0.2472655914309917 -0.20736771839133905 -1 0 0 100 0
28 0.0119594504822 0.0138377914235 -0.279303898373 0.00357832639323 0.0000529942680338 0.999993596365 100 0
29 0.0473695427468 -0.165541463791 0.0904791135646 0.0064848871033 0.989772645249 -0.142506340058 100 0
30 0.0396919639283 -0.184728272216 -0.139894879204 0.00372048034156 0.999991606142 0.00171629613896 100 0
31 0.0495875541892 0.165695674976 0.0986201806526 0.00600345402337 -0.98977885061 -0.142484333962 100 0
32 0.0395379952644 0.186027112598 -0.13956365503 0.00571084715307 -0.999983130826 0.00106032456903 100 0
33 0.0662821156925 0.10020678884 0.298596196103 0.00311396687972 -0.0182697116825 -0.999828245673 100 0
34 0.0706432914325 -0.0962479468029 0.298615451581 0.00202453852991 0.0158099899681 -0.999872964661 100 0
35 -0.03366943414328967 0.08331292096570245 -0.11896895806076052 1 0 0 100 0
36 -0.0578194571001 0.0810850972742 -0.0931425117798 0 0 1 100 0
37 -0.03366943414328967 -0.08197633523264461 -0.11896895806076052 1 0 0 100 0
38 -0.0642506554472 -0.0820102654438 -0.0931425117798 0 0 1 100 0
39 -0.0642506554472 0.0833468511769 -0.144795404342 1.22464679915e-16 0 -1 100 0
40 -0.05238048786229794 0.10397407799049584 -0.11896895806076052 0 1 0 100 0
41 -0.0578194571001 -0.0797485115412 -0.144795404342 1.22464679915e-16 0 -1 100 0
42 -0.0664259839067 -0.0612496328946 -0.203086514746 -0.00277365381426 0.999996152836 0.0000340251480537 100 0
43 -0.0680613955117 0.062592338289 -0.2096442896 -0.00277927991057 -0.999996137598 0.0000198174979052 100 0
44 0.00980460166938 0.000668292866529 -0.290012346491 -1 -4.61440851487e-12 -7.32763277479e-12 100 0
45 -0.0522077031975 0.0936434994781 -0.117557035808 6.12323399574e-17 -1 6.12323399574e-17 100 0
46 -0.0691144065951 0.0771324526461 -0.134213172937 -0.018745068662 0.0021488743937 0.999821986525 100 0
47 -0.0728312110028 0.0781565711034 -0.101658352 -0.0134992208846 0.00960879060534 -0.999862711665 100 0
48 -0.0522077031975 -0.092306913745 -0.118313463723 6.12323399574e-17 1 6.12323399574e-17 100 0
49 -0.0549299994668 0.0000420992941368 -0.117959492093 0.000114839360355 0.999999947374 0.000303419125356 0.0162476855861 2
50 -0.0728312110028 -0.0768199853704 -0.134213172937 -0.0135147758429 -0.00959637691579 0.999862620755 100 0
51 -0.0691144065951 -0.0757958669131 -0.101658489741 -0.0187369663444 -0.00216276295076 -0.999822108452 100 0
52 -0.0549160262164 0.0000150874848744 -0.117927906509 0.0000651221371364 0.999999993115 0.0000976124830931 0.0162447280518 2
53 -0.0128148572749 0.0418886912657 -0.000180816650371 0.00569150933038 -0.00257533093275 -0.999980487006 0.0216117249218 2
54 -0.0121752098737 -0.0381577286889 0.000219064235698 0.00508725772661 -0.00736400989236 -0.999959944781 0.0209719771312 2
55 0.158589617895 0.00199729762304 -0.00068602434218 -0.00424052091272 -0.0067590887781 -0.999968165844 0.271315357945 2
56 0.154151825423 0.00157661645462 -0.0327777221912 0.208035873405 -0.00575955529781 0.978104239281 0.260757578943 2
57 0.13594771461704086 -0.21426383523264458 0.19186874855080968 0 -0.14142345625119065 -0.9899491936569108 100 0
58 0.155752194417 0.00111892352915 -0.0325729834949 0.204694384718 0.00147052415025 0.978824829285 0.24166664991 2
59 0.157709388874 -0.000242263703963 -0.00105602495246 0.00669585238189 -0.0000102857381007 0.999977582476 0.249466330334 2
60 0.00066348854849 -0.185072645286 -0.280123484042 -0.999952642203 0.00686147668189 -0.00690170184706 0.0199371064465 2