0 86
1 96
2 86
3 138
4 86
5 86
6 96
7 96
8 96
9 96
10 138
11 86
12 88
13 86
14 86
15 86
16 86
17 86
18 86
19 86
20 86
21 86
22 96
23 96
24 96
25 96
26 96
27 96
28 96
29 96
30 96
31 96
32 96
33 96
34 86
35 118
36 86
37 88
38 118
39 118
40 118
41 118
42 86
43 86
44 86
45 86
46 86
47 86
48 86
49 86
50 118
51 118
52 118
53 118
54 118
55 118
56 118
57 118
58 118
59 118
60 118
61 118
62 86
63 62
64 86
65 62
66 62
67 86
68 62
69 62
70 86
71 62
72 62
73 86
74 62
75 62
76 62
77 62
78 62
79 62
80 62
81 62
82 62
83 62
84 62
85 62
86 62
87 62
88 62
89 62
90 86
91 62
92 86
93 62
94 86
95 62
96 86
97 62
98 62
99 61
100 61
101 61
102 61
103 61
104 61
105 61
106 61
107 61
108 86
109 61
110 86
111 86
112 61
113 86
114 61
115 86
116 86
117 86
118 86
119 86
120 86
121 86
122 61
123 86
124 61
125 61
126 86
127 61
128 61
129 86
130 61
131 61
132 86
133 61
134 61
135 86
136 61
137 61
138 61
139 61
140 61
141 61
142 61
143 86
144 135
145 78
146 86
147 78
148 86
149 95
150 86
151 135
152 86
153 117
154 86
155 86
156 86
157 95
158 86
159 117
160 86
161 20
162 86
163 23
164 86
165 20
166 20
167 20
168 86
169 126
170 86
171 126
172 86
173 14
174 86
175 86
176 86
177 86
178 86
179 86
180 86
181 86
182 86
183 126
184 86
185 103
186 86
187 14
188 86
189 136
190 86
191 86
192 86
193 103
194 103
195 86
196 127
197 86
198 136
199 127
200 127
201 86
202 89
203 86
204 86
205 86
206 86
207 127
208 127
209 127
210 127
211 127
212 127
213 127
214 127
215 127
216 127
217 103
218 103
219 89
220 86
221 2
222 86
223 86
224 86
225 86
226 86
227 86
228 86
229 86
230 103
231 92
232 92
233 92
234 2
235 92
236 86
237 91
238 86
239 86
240 86
241 86
242 86
243 91
244 122
245 91
246 122
247 86
248 90
249 86
250 86
251 90
252 75
253 75
254 106
255 106
256 106
257 106
258 77
259 77
260 86
261 1
262 86
263 77
264 86
265 130
266 86
267 1
268 130
269 130
270 130
271 86
272 15
273 86
274 86
275 86
276 86
277 86
278 86
279 86
280 86
281 86
282 86
283 86
284 86
285 130
286 130
287 130
288 130
289 130
290 130
291 130
292 130
293 130
294 130
295 130
296 130
297 130
298 86
299 79
300 79
301 79
302 15
303 79
304 86
305 19
306 19
307 22
308 19
309 22
310 86
311 11
312 86
313 11
314 86
315 23
316 123
317 123
318 123
319 123
320 123
321 123
322 123
323 123
324 123
325 123
326 123
327 123
328 86
329 123
330 123
331 86
332 123
333 123
334 123
335 86
336 123
337 123
338 123
339 86
340 123
341 123
342 123
343 86
344 123
345 123
346 86
347 123
348 123
349 123
350 86
351 123
352 123
353 123
354 86
355 123
356 123
357 123
358 86
359 123
360 86
361 123
362 123
363 123
364 123
365 123
366 123
367 123
368 123
369 123
370 86
371 124
372 86
373 124
374 124
375 86
376 124
377 124
378 124
379 86
380 124
381 124
382 124
383 86
384 124
385 124
386 124
387 86
388 124
389 86
390 124
391 124
392 124
393 124
394 124
395 124
396 124
397 124
398 124
399 124
400 124
401 124
402 124
403 124
404 124
405 124
406 124
407 124
408 124
409 124
410 124
411 86
412 124
413 124
414 86
415 124
416 124
417 124
418 86
419 124
420 124
421 124
422 86
423 124
424 124
425 86
426 119
427 39
428 86
429 39
430 86
431 93
432 86
433 86
434 119
435 86
436 54
437 86
438 93
439 54
440 69
441 69
442 69
443 69
444 69
445 69
446 69
447 69
448 69
449 69
450 69
451 69
452 69
453 69
454 69
455 69
456 69
457 86
458 69
459 69
460 86
461 69
462 86
463 69
464 86
465 69
466 86
467 69
468 86
469 69
470 86
471 69
472 86
473 69
474 86
475 69
476 86
477 69
478 69
479 86
480 69
481 86
482 86
483 69
484 86
485 69
486 69
487 86
488 69
489 86
490 86
491 69
492 69
493 71
494 71
495 71
496 71
497 71
498 71
499 71
500 71
501 71
502 71
503 71
504 71
505 71
506 71
507 71
508 86
509 71
510 86
511 71
512 86
513 71
514 86
515 71
516 71
517 71
518 71
519 71
520 71
521 71
522 71
523 71
524 71
525 71
526 71
527 71
528 71
529 68
530 68
531 68
532 68
533 68
534 68
535 68
536 68
537 68
538 68
539 68
540 68
541 68
542 68
543 68
544 68
545 68
546 68
547 68
548 68
549 68
550 68
551 68
552 68
553 68
554 68
555 68
556 68
557 68
558 68
559 68
560 68
561 64
562 72
563 72
564 86
565 40
566 64
567 125
568 40
569 125
570 84
571 120
572 120
573 53
574 84
575 36
576 53
577 36
578 31
579 73
580 73
581 31
582 31
583 130
584 130
585 130
586 130
587 31
588 31
589 31
590 130
591 130
592 130
593 130
594 130
595 130
596 130
597 130
598 130
599 130
600 130
601 130
602 77
603 28
604 29
605 28
606 29
607 29
608 29
609 29
610 29
611 29
612 29
613 29
614 29
615 29
616 29
617 29
618 29
619 29
620 29
621 29
622 29
623 32
624 126
625 32
626 80
627 32
628 30
629 80
630 32
631 52
632 32
633 32
634 30
635 52
636 130
637 131
638 131
639 130
640 130
641 131
642 130
643 131
644 131
645 130
646 131
647 131
648 131
649 131
650 131
651 131
652 131
653 131
654 131
655 131
656 131
657 131
658 131
659 131
660 131
661 131
662 131
663 131
664 131
665 131
666 131
667 131
668 131
669 131
670 131
671 131
672 131
673 132
674 132
675 132
676 132
677 132
678 132
679 132
680 132
681 132
682 132
683 132
684 132
685 132
686 132
687 132
688 132
689 132
690 132
691 132
692 132
693 132
694 132
695 132
696 132
697 132
698 132
699 132
700 132
701 132
702 132
703 132
704 132
705 100
706 100
707 100
708 100
709 100
710 100
711 100
712 3
713 104
714 3
715 56
716 3
717 3
718 3
719 104
720 3
721 121
722 121
723 3
724 35
725 3
726 3
727 3
728 3
729 35
730 3
731 56
732 3
733 94
734 3
735 38
736 3
737 3
738 94
739 3
740 0
741 0
742 3
743 34
744 3
745 3
746 34
747 38
748 3
749 70
750 3
751 70
752 70
753 3
754 70
755 70
756 3
757 70
758 70
759 3
760 70
761 70
762 3
763 70
764 3
765 3
766 70
767 3
768 70
769 70
770 3
771 70
772 70
773 3
774 70
775 70
776 3
777 70
778 70
779 3
780 70
781 70
782 3
783 70
784 70
785 3
786 70
787 3
788 3
789 70
790 3
791 70
792 70
793 70
794 3
795 3
796 3
797 3
798 3
799 3
800 3
801 3
802 3
803 3
804 3
805 3
806 3
807 65
808 3
809 33
810 3
811 3
812 3
813 3
814 65
815 33
816 33
817 33
818 3
819 74
820 3
821 3
822 91
823 74
824 3
825 3
826 3
827 3
828 3
829 3
830 3
831 3
832 3
833 3
834 3
835 3
836 3
837 3
838 3
839 3
840 3
841 3
842 3
843 3
844 3
845 3
846 3
847 3
848 3
849 3
850 3
851 6
852 5
853 3
854 3
855 6
856 5
857 5
858 5
859 49
860 19
861 49
862 3
863 3
864 3
865 3
866 3
867 3
868 3
869 3
870 3
871 3
872 3
873 3
874 3
875 3
876 29
877 3
878 3
879 3
880 29
881 29
882 3
883 3
884 3
885 3
886 29
887 29
888 29
889 29
890 29
891 29
892 29
893 29
894 29
895 29
896 29
897 29
898 3
899 3
900 48
901 3
902 48
903 48
904 3
905 48
906 48
907 3
908 48
909 48
910 3
911 48
912 48
913 3
914 48
915 3
916 48
917 3
918 48
919 48
920 3
921 48
922 3
923 3
924 48
925 3
926 48
927 48
928 3
929 48
930 48
931 3
932 48
933 48
934 3
935 48
936 48
937 3
938 48
939 48
940 3
941 48
942 48
943 48
944 48
945 3
946 48
947 48
948 48
949 47
950 47
951 47
952 47
953 47
954 47
955 47
956 47
957 47
958 47
959 47
960 47
961 47
962 47
963 47
964 3
965 47
966 47
967 3
968 47
969 47
970 3
971 47
972 47
973 3
974 47
975 3
976 47
977 3
978 47
979 3
980 47
981 3
982 47
983 3
984 47
985 3
986 47
987 47
988 3
989 47
990 3
991 47
992 47
993 3
994 105
995 4
996 3
997 105
998 134
999 134
1000 44
1001 44
1002 4
1003 3
1004 133
1005 3
1006 83
1007 133
1008 45
1009 45
1010 59
1011 59
1012 83
1013 3
1014 3
1015 3
1016 3
1017 3
1018 3
1019 3
1020 3
1021 3
1022 3
1023 3
1024 3
1025 3
1026 3
1027 3
1028 3
1029 3
1030 3
1031 3
1032 3
1033 3
1034 3
1035 3
1036 3
1037 3
1038 3
1039 3
1040 3
1041 3
1042 3
1043 29
1044 29
1045 29
1046 29
1047 29
1048 55
1049 55
1050 37
1051 37
1052 127
1053 102
1054 127
1055 102
1056 102
1057 127
1058 102
1059 102
1060 102
1061 102
1062 102
1063 102
1064 102
1065 102
1066 102
1067 102
1068 127
1069 137
1070 102
1071 127
1072 100
1073 127
1074 127
1075 100
1076 137
1077 101
1078 100
1079 100
1080 100
1081 100
1082 100
1083 100
1084 100
1085 101
1086 101
1087 101
1088 101
1089 101
1090 101
1091 101
1092 101
1093 101
1094 101
1095 101
1096 101
1097 101
1098 101
1099 100
1100 101
1101 128
1102 100
1103 100
1104 100
1105 128
1106 128
1107 128
1108 128
1109 128
1110 128
1111 129
1112 100
1113 100
1114 100
1115 100
1116 100
1117 100
1118 129
1119 129
1120 129
1121 129
1122 129
1123 129
1124 97
1125 97
1126 97
1127 97
1128 97
1129 97
1130 97
1131 97
1132 97
1133 96
1134 97
1135 96
1136 97
1137 96
1138 97
1139 97
1140 96
1141 97
1142 97
1143 96
1144 97
1145 97
1146 96
1147 97
1148 96
1149 97
1150 96
1151 97
1152 97
1153 96
1154 97
1155 97
1156 96
1157 97
1158 96
1159 97
1160 96
1161 97
1162 96
1163 96
1164 96
1165 97
1166 96
1167 97
1168 97
1169 96
1170 97
1171 97
1172 96
1173 96
1174 97
1175 98
1176 98
1177 98
1178 98
1179 98
1180 98
1181 98
1182 98
1183 98
1184 98
1185 98
1186 98
1187 98
1188 98
1189 98
1190 96
1191 98
1192 98
1193 96
1194 98
1195 98
1196 96
1197 98
1198 98
1199 96
1200 98
1201 98
1202 96
1203 98
1204 96
1205 98
1206 96
1207 98
1208 96
1209 98
1210 98
1211 96
1212 96
1213 98
1214 98
1215 98
1216 98
1217 139
1218 139
1219 139
1220 139
1221 139
1222 139
1223 139
1224 87
1225 139
1226 99
1227 87
1228 99
1229 99
1230 99
1231 99
1232 99
1233 99
1234 99
1235 118
1236 118
1237 118
1238 118
1239 118
1240 118
1241 118
1242 118
1243 118
1244 118
1245 118
1246 118
1247 118
1248 118
1249 118
1250 118
1251 118
1252 118
1253 118
1254 118
1255 118
1256 118
1257 118
1258 118
1259 118
1260 118
1261 118
1262 118
1263 118
1264 43
1265 43
1266 43
1267 43
1268 43
1269 43
1270 43
1271 43
1272 43
1273 43
1274 43
1275 43
1276 43
1277 43
1278 43
1279 43
1280 43
1281 43
1282 58
1283 58
1284 58
1285 58
1286 58
1287 58
1288 58
1289 58
1290 58
1291 58
1292 58
1293 58
1294 58
1295 58
1296 58
1297 58
1298 58
1299 58
1300 27
1301 23
1302 23
1303 23
1304 23
1305 23
1306 23
1307 23
1308 6
1309 6
1310 6
1311 6
1312 6
1313 6
1314 6
1315 6
1316 27
1317 25
1318 49
1319 49
1320 49
1321 22
1322 22
1323 25
1324 113
1325 75
1326 75
1327 75
1328 75
1329 75
1330 75
1331 75
1332 65
1333 65
1334 65
1335 65
1336 65
1337 65
1338 65
1339 65
1340 113
1341 112
1342 74
1343 74
1344 74
1345 122
1346 122
1347 112
1348 9
1349 9
1350 22
1351 9
1352 9
1353 49
1354 49
1355 49
1356 49
1357 49
1358 49
1359 49
1360 49
1361 49
1362 10
1363 22
1364 22
1365 22
1366 22
1367 22
1368 22
1369 22
1370 22
1371 22
1372 22
1373 22
1374 22
1375 22
1376 22
1377 17
1378 23
1379 10
1380 17
1381 6
1382 6
1383 21
1384 6
1385 6
1386 6
1387 6
1388 6
1389 21
1390 23
1391 23
1392 67
1393 110
1394 122
1395 110
1396 67
1397 74
1398 74
1399 74
1400 74
1401 74
1402 74
1403 74
1404 74
1405 74
1406 82
1407 122
1408 122
1409 122
1410 122
1411 122
1412 122
1413 122
1414 122
1415 122
1416 122
1417 122
1418 122
1419 122
1420 122
1421 66
1422 75
1423 82
1424 66
1425 65
1426 65
1427 111
1428 65
1429 65
1430 65
1431 65
1432 65
1433 111
1434 75
1435 75
1436 76
1437 76
1438 76
1439 74
1440 76
1441 76
1442 74
1443 76
1444 76
1445 74
1446 76
1447 76
1448 74
1449 76
1450 76
1451 74
1452 76
1453 76
1454 74
1455 76
1456 74
1457 76
1458 76
1459 74
1460 76
1461 76
1462 76
1463 76
1464 76
1465 76
1466 76
1467 76
1468 76
1469 76
1470 76
1471 76
1472 6
1473 51
1474 6
1475 51
1476 6
1477 51
1478 6
1479 51
1480 51
1481 51
1482 51
1483 51
1484 51
1485 51
1486 51
1487 51
1488 51
1489 51
1490 51
1491 51
1492 51
1493 51
1494 51
1495 51
1496 51
1497 51
1498 51
1499 51
1500 51
1501 51
1502 51
1503 51
1504 6
1505 27
1506 6
1507 26
1508 6
1509 27
1510 6
1511 26
1512 6
1513 26
1514 6
1515 26
1516 6
1517 26
1518 16
1519 26
1520 26
1521 21
1522 21
1523 21
1524 21
1525 21
1526 21
1527 74
1528 110
1529 74
1530 110
1531 74
1532 110
1533 74
1534 110
1535 74
1536 74
1537 110
1538 108
1539 110
1540 108
1541 115
1542 115
1543 115
1544 115
1545 115
1546 115
1547 115
1548 115
1549 114
1550 114
1551 114
1552 114
1553 114
1554 114
1555 114
1556 114
1557 114
1558 114
1559 114
1560 114
1561 114
1562 65
1563 114
1564 114
1565 65
1566 114
1567 65
1568 114
1569 65
1570 114
1571 114
1572 114
1573 114
1574 114
1575 114
1576 114
1577 114
1578 114
1579 114
1580 114
1581 81
1582 49
1583 81
1584 49
1585 81
1586 0
1587 81
1588 0
1589 0
1590 0
1591 0
1592 0
1593 0
1594 50
1595 0
1596 50
1597 50
1598 50
1599 50
1600 49
1601 50
1602 50
1603 49
1604 50
1605 50
1606 49
1607 50
1608 50
1609 49
1610 81
1611 50
1612 49
1613 81
1614 81
1615 49
1616 81
1617 49
1618 8
1619 49
1620 8
1621 49
1622 8
1623 49
1624 13
1625 49
1626 49
1627 8
1628 13
1629 13
1630 13
1631 24
1632 24
1633 24
1634 24
1635 24
1636 25
1637 24
1638 25
1639 65
1640 116
1641 65
1642 116
1643 65
1644 116
1645 65
1646 116
1647 65
1648 116
1649 65
1650 116
1651 65
1652 116
1653 109
1654 116
1655 116
1656 111
1657 111
1658 111
1659 111
1660 111
1661 111
1662 22
1663 22
1664 22
1665 22
1666 22
1667 22
1668 22
1669 23
1670 23
1671 23
1672 23
1673 23
1674 23
1675 23
1676 23
1677 23
1678 23
1679 22
1680 22
1681 22
1682 22
1683 23
1684 23
1685 23
1686 23
1687 23
1688 23
1689 23
1690 23
1691 75
1692 75
1693 75
1694 75
1695 75
1696 75
1697 75
1698 75
1699 75
1700 75
1701 122
1702 122
1703 122
1704 122
1705 122
1706 122
1707 122
1708 75
1709 75
1710 75
1711 75
1712 75
1713 75
1714 75
1715 75
1716 122
1717 122
1718 122
1719 122
1720 12
1721 12
1722 107
1723 107
1724 41
1725 41
1726 41
1727 41
1728 41
1729 41
1730 41
1731 41
1732 41
1733 41
1734 41
1735 41
1736 41
1737 41
1738 41
1739 41
1740 41
1741 41
1742 41
1743 41
1744 41
1745 41
1746 41
1747 41
1748 41
1749 41
1750 41
1751 41
1752 41
1753 41
1754 42
1755 42
1756 42
1757 42
1758 42
1759 42
1760 42
1761 42
1762 42
1763 42
1764 42
1765 42
1766 42
1767 42
1768 42
1769 42
1770 42
1771 42
1772 42
1773 42
1774 42
1775 42
1776 42
1777 42
1778 42
1779 42
1780 42
1781 42
1782 42
1783 42
1784 60
1785 60
1786 60
1787 60
1788 60
1789 60
1790 60
1791 60
1792 60
1793 60
1794 60
1795 60
1796 60
1797 60
1798 60
1799 60
1800 60
1801 60
1802 60
1803 60
1804 60
1805 60
1806 60
1807 60
1808 60
1809 60
1810 60
1811 60
1812 0
1813 85
1814 85
1815 0
1816 0
1817 0
1818 0
1819 0
1820 0
1821 0
1822 0
1823 0
1824 0
1825 0
1826 0
1827 0
1828 0
1829 0
1830 0
1831 0
1832 0
1833 85
1834 0
1835 85
1836 85
1837 85
1838 85
1839 85
1840 0
1841 0
1842 0
1843 0
1844 0
1845 0
1846 0
1847 0
1848 0
1849 0
1850 0
1851 0
1852 0
1853 0
1854 0
1855 0
1856 0
1857 0
1858 0
1859 0
1860 0
1861 0
1862 0
1863 0
1864 0
1865 0
1866 0
1867 0
1868 0
1869 0
1870 0
1871 0
1872 0
1873 0
1874 0
1875 0
1876 0
1877 0
1878 0
1879 0
1880 0
1881 0
1882 0
1883 0
1884 0
1885 0
1886 0
1887 0
1888 0
1889 0
1890 0
1891 0
1892 0
1893 0
1894 0
1895 0
1896 0
1897 0
1898 0
1899 0
1900 0
1901 0
1902 0
1903 0
1904 0
1905 0
1906 0
1907 0
1908 0
1909 0
1910 0
1911 0
1912 0
1913 0
1914 0
1915 0
1916 0
1917 0
1918 0
1919 0
1920 0
1921 0
1922 0
1923 0
**********
1 -0.2373966407178158 0.005845155276605884 0.14078747126615695 -0.9936149781257603 0 -0.1128240898219213 100 0
2 -0.19685400837367828 0.005845155276605884 -0.21626375596380967 -0.9936155018375081 0 -0.11281947752138013 100 0
3 -0.00880498788691 -0.0283633455358 -0.0319999322398 6.12323399574e-17 1 6.12323399574e-17 100 0
4 0.061721207567483116 -0.010617685739386588 -0.015502616820732609 0 0 -1 100 0
5 0.0684767094347 0.0364902705878 -0.138439416615 -0.938418113593 0.345501728042 6.12323399574e-17 100 0
6 0.124563095062 0.0635423733925 -0.154474651371 -3.21624529935e-16 0 -1 100 0
7 0.120369762733 0.0644469968342 -0.12454221316 1.22464679915e-16 0 -1 100 0
8 0.132064425384 0.0732449348142 -0.000140134252892 -0.00180412881699 0.00133971498113 -0.999997475138 0.0092476511388 2
9 0.121169167886 0.0826353288847 -0.120266150559 0.011998402382 0.999904403857 -0.00687178927434 100 0
10 0.08553203455799026 0.06154087066187913 -0.1352323696643143 1 0 0 100 0
11 0.10424237407736082 0.0016759942400883104 -0.1352323696643143 1 0 0 100 0
12 0.09488720431767556 0.040267459219135604 -0.1352323696643143 0 1 0 100 0
13 0.141021121096 0.0664359170809 -0.120266150559 0.999999140455 0.000700535791432 0.00110830415814 100 0
14 0.157806044649498 0.005845155276605884 -0.2162637559638097 0.9936155018375081 0 -0.11281947752138013 100 0
15 0.1983486769936355 0.005845155276605884 0.14078747126615695 0.9936149781257603 0 -0.11282408982192124 100 0
16 0.141021168608 0.0664364397108 -0.15019858877 0.999999171247 0.000706856301498 0.00107603888099 100 0
17 0.121168740279 0.0826353288847 -0.15019858877 0.0119990787482 0.999904434333 -0.00686617138516 100 0
18 0.135460411637 0.0754419130116 -0.000985767610786 -0.00851915191551 0.00223056961752 -0.999961223553 0.00615794864038 2
19 0.108757896185 -0.0115441659697 -0.117237272883 1 0 6.12323399574e-17 100 0
20 0.108757896185 -0.01225684307 -0.152514789346 1 0 6.12323399574e-17 100 0
21 0.131987531924 0.0732410458321 -0.0000421527214471 -0.000928238378185 0.00109724286086 -0.999998967215 0.00924744540922 2
22 0.120369762733 0.0644469968342 -0.12454221316 1.22464679915e-16 0 -1 100 0
23 0.122626640067 0.0599869020007 -0.145922526168 0 0 1 100 0
24 0.132191998444 0.0596541554176 -0.000156610465919 -0.00028752029779 -0.00198816438406 -0.999997982265 0.0089391731262 2
25 0.127168840054 0.0504894581359 -0.120266150559 0.0257200128522 -0.997190027372 0.0703600046167 100 0
26 0.126275020862 0.0600097449769 0.00360567154798 -0.0240787375098 -0.00939720379648 0.999665897668 0.0117213640604 2
27 0.127169196393 0.0504895294036 -0.15019858877 0.0257256048629 -0.997192480589 0.0703231818956 100 0
28 -0.22830402120186605 0.010121217878162373 0.1365114086646005 0.9936150766358031 0 0.11282322226397876 100 0
29 -0.0233403452284 0.0188801417207 0.382598811384 1.22464679915e-16 0 -1 100 0
30 -0.019523981862090135 0.010121217878162373 -0.26308664145085325 0 0 1 100 0
31 -0.0201100875093 0.0486057812922 0.221391251305 6.12323399574e-17 1 6.12323399574e-17 100 0
32 -0.0191536748408 0.0486057812922 -0.231871384459 6.12323399574e-17 1 6.12323399574e-17 100 0
33 -0.107524673159 0.0364902705878 -0.132025322713 0.938418113593 0.345501728042 6.12323399574e-17 100 0
34 -0.14413742580290945 0.010121217878162373 0.30488351163218796 0.9936150036623383 0 0.11282386492711426 100 0
35 -0.11615572735084409 0.010121217878162373 0.05845573432952821 0.9936150036623385 0 0.1128238649271133 100 0
36 -0.062284607877655 -0.0326394081374025 0.2464756607812515 1 0 0 100 0
37 -0.14838612160381595 0.048605781292170754 0.30440111475656434 0 1 0 100 0
38 -0.1464563345517335 0.010121217878162373 0.28740596096084614 0.11280198533241277 0 -0.9936174878216799 100 0
39 -0.21088505258816556 -0.0326394081374025 0.17260693590311926 0.9936152902286047 0 0.11282134117234091 100 0
40 0.12934157872971694 -0.0326394081374025 0.17736234512231025 0.9936151208976179 0 -0.11282283245696428 100 0
41 0.0900287419898 0.00584515527661 0.316747433067 6.12323399574e-17 1 6.12323399574e-17 100 0
42 0.0620594868799 0.00584515527661 0.0840944260444 6.12323399574e-17 1 6.12323399574e-17 100 0
43 0.0617211996488 0.00712797405707 -0.00566767283715 6.12323399574e-17 1 6.12323399574e-17 100 0
44 0.07155615155106303 -0.010617685739386588 -0.005667672837152709 1 0 0 100 0
45 -0.09093422730808347 -0.010617685739386588 -0.005667672837152709 1 0 0 100 0
46 -0.10076917129166338 -0.010617685739386588 0.004167271146427191 0 0 1 100 0
47 0.062059921341 -0.00000674347943562 0.0840950322614 0.0000296589857414 0.999999997861 0.0000583012452363 0.0168109743274 2
48 0.090028675907 -0.00000393162361079 0.316747552543 -0.00000368602765663 0.999999999903 0.0000134601570414 0.0168111581914 2
49 0.124740538425 0.0642159143388 -0.115990087957 0 0 1 100 0
50 0.128006246722 0.0689551863865 0.00108827110174 -0.00618254020513 -0.00430477339904 0.999971622159 0.00707283968497 2
51 0.127232862097 0.0684632473914 0.0000118658422748 0.000630438532327 -0.00134493076997 0.999998896854 0.00490086915456 2
52 -0.188732482674542 0.010121217878162373 -0.2119876933622532 0.9936150879733596 0 0.11282312241598803 100 0
53 -0.019523981862090135 -0.0326394081374025 0.3576534594642242 0 0 -1 100 0
54 -0.1986221602594219 -0.0326394081374025 0.2541146755764281 0.11281948910938333 0 -0.9936155005217551 100 0
55 -0.12040485075801077 0.048605781292170754 0.05797310939723253 0 1 0 100 0
56 -0.11847506370592834 0.010121217878162373 0.040978183658186396 0.11279077803902783 0 -0.9936187600832378 100 0
57 -0.10324840388096183 -0.007553174208271106 -0.0008809058255503312 0.6893463473313367 0.7071119451302105 -0.15746209218448187 100 0
58 -0.100769163373 0.00712797405707 -0.00566767283715 6.12323399574e-17 1 6.12323399574e-17 100 0
59 -0.10076917129166338 -0.010617685739386588 -0.015502616820732609 0 0 -1 100 0
60 0.0620594875734 0.000001087806301 0.0840945953206 -0.0000198969586287 -0.999999999421 0.0000276189135375 0.00480709247081 2
61 -0.10076940339 -9.80489690919e-7 -0.00566763178049 0.000009831244943 -0.99999999995 -0.00000179951644886 0.00480685738302 2
62 0.061721152515 2.86974513327e-7 -0.00566777461342 -0.00000504403806299 0.999999999978 -0.00000429610048341 0.00480662406882 2
63 -0.0195247266606 0.0000193666039137 -0.177055049155 0.0000239523660213 -0.999999993439 -0.000112023166133 0.0318730940293 2
64 0.159558802709876 -0.0326394081374025 0.253976986360658 -0.11281948910938198 0 -0.9936155005217553 100 0
65 -0.163611058786 0.0635423733925 -0.115990087957 0 0 1 100 0
66 -0.160216704004 0.0826353288847 -0.120266150559 -0.0119990784527 0.99990443426 0.00686618266436 100 0
67 -0.16021713161 0.0826353288847 -0.15019858877 -0.011998402403 0.999904403825 0.00687179385506 100 0
68 -0.123414722604 0.00000942812292547 -0.218718381796 -0.0000177602747118 -0.999999999295 -0.0000330847525593 0.0231864664891 2
69 -0.0193296004816 0.00554722467135 -0.175879731382 -0.00507787009628 -0.999507531348 -0.0309662722022 0.0318678790798 2
70 -0.0195239645651 6.25449972793e-7 -0.250258349211 -3.93866550215e-7 -0.999999999997 -0.00000246848961551 0.00501607584582 2
71 0.0843651000106 0.000048819629654 -0.218713083459 0.0000689362875204 -0.999999978294 -0.000196622036154 0.0231864712873 2
72 0.17182939195130253 -0.0326394081374025 0.17253809129523423 -0.9936151208976178 0 0.11282283245696449 100 0
73 0.18925605747768579 0.010121217878162373 0.1365114086646005 -0.9936150766358031 0 0.11282322226397876 100 0
74 -0.163788502149 0.0642159143388 -0.154474651371 1.22464679915e-16 0 -1 100 0
75 -0.161674603792 0.0599869020007 -0.12454221316 1.22464679915e-16 0 -1 100 0
76 -0.166123130332 0.0687692116656 0.0000478271179091 -0.000467366025659 -0.000433525385564 -0.999999796812 0.00540880406017 2
77 -0.190091344102 -0.0119717722299 -0.109575994055 1.22464679915e-16 0 -1 100 0
78 -0.019523981862090138 -0.0326394081374025 -0.08092637462454683 0 0 -1 100 0
79 0.151760618611 -0.0126844493301 -0.109575994055 1.22464679915e-16 0 -1 100 0
80 0.14968451895036178 0.010121217878162373 -0.2119876933622532 -0.9936150879733596 0 0.11282312241598776 100 0
81 0.125401544493 0.0695749213881 -0.000044183439088 -0.000150385265016 -0.000363994535017 -0.999999922446 0.00722485347644 2
82 -0.12457999828217053 0.06154087066187913 -0.1352323696643143 -1 0 0 100 0
83 -0.11060411527524332 -0.010617685739386588 -0.005667672837152709 -1 0 0 100 0
84 0.023236644153474734 -0.0326394081374025 0.2464756607812515 -1 0 0 100 0
85 0.0889277836124 0.00149352223209 0.315417238736 -0.102674451174 -0.994145509079 0.0336550717353 0.00640037499671 2
86 0.000871705987932 -0.036915470739 -0.0266759121943 6.12323399574e-17 -1 6.12323399574e-17 100 0
87 -0.0195239818621 -0.070728521282 -0.0116541604793 6.12323399574e-17 -1 6.12323399574e-17 100 0
88 -0.0567605122649 -0.0562987769906 -0.0116541604793 -0.999382670227 -0.0253369479316 0.0243375742487 100 0
89 -0.0569395296257094 -0.04546759594207196 -0.25025845364618376 -1 0 0 100 0
90 -0.1432903378015411 0.0016759942400883104 -0.1352323696643143 -1 0 0 100 0
91 -0.147805859909 -0.0115441659697 -0.153227466446 -1 1.22464679915e-16 6.12323399574e-17 100 0
92 -0.18643866016 -0.0126844493301 -0.160888745274 0 0 1 100 0
93 -0.16839723936658002 -0.0326394081374025 0.1774311897301953 -0.9936152902286047 0 -0.11282134117234074 100 0
94 -0.15263481740472248 0.010121217878162373 0.30391874638802474 -0.9936149400163818 0 -0.112824425441666 100 0
95 -0.019523981862090138 -0.0326394081374025 -0.11513487543699875 0 0 1 100 0
96 -0.0198018758579 -0.0552857462785 0.00117402732534 0 0 1 100 0
97 -0.0382318638953 -0.0540198487849 -6.66212317449e-7 0.00000792196860003 0.00000672605903731 -0.999999999946 0.0117671654915 2
98 -0.000816568871998 -0.0540201698762 -0.00000195100120064 0.0000281482333398 0.000035690673167 -0.999999998967 0.0117672548932 2
99 -0.0475445448535 -0.061575712217 -0.00000528527460118 -0.000147603425125 0.000199803001241 -0.999999969146 0.00922915443163 2
100 -0.0186611067472 -0.0540197211452 -0.251678238001 6.12323399574e-17 -1 6.12323399574e-17 100 0
101 -0.0382629663229 -0.0539668271451 0.00000522540372463 -0.000126180456132 0.000186289294142 0.999999974687 0.0100799266757 2
102 -0.00232156997955 -0.0518247773553 0.000988398249907 -0.00182257479036 0.0191500406219 0.999814959963 0.012433841052 2
103 0.00690446060586 -0.0122093312633 -0.271638766654 1.22464679915e-16 0 -1 100 0
104 -0.12465397416517746 0.010121217878162373 0.05749062700035694 -0.9936146854230697 0 -0.11282666755521106 100 0
105 0.05188626358390319 -0.010617685739386588 -0.005667672837152709 -1 0 0 100 0
106 -0.147805859909 -0.01225684307 -0.117949949983 -1 1.22464679915e-16 6.12323399574e-17 100 0
107 -0.13393516804185582 0.040267459219135604 -0.1352323696643143 0 1 0 100 0
108 -0.18006908482 0.0664359170809 -0.15019858877 -0.999999141256 0.00069968864172 -0.00110811690828 100 0
109 -0.180069132332 0.0664364397108 -0.120266150559 -0.999999171337 0.000706655769274 -0.00107608678599 100 0
110 -0.170652050019 0.0738033823862 0.00009698448492 -0.00168245876462 -0.00257618289681 -0.999995266296 0.00923518681765 2
111 -0.170625887017 0.073961664623 0.0000592057900645 0.00231369971578 0.0045371077815 0.999987030639 0.00923577079997 2
112 -0.166216803778 0.0504894581359 -0.15019858877 -0.0257200128523 -0.997190027372 -0.0703600046165 100 0
113 -0.166217160117 0.0504895294036 -0.120266150559 -0.0257256048629 -0.997192480589 -0.0703231818954 100 0
114 -0.16664770792 0.0672885926925 0.000139420928379 0.00373350138904 0.0113182702256 -0.999928976341 0.00515786191851 2
115 -0.17114277939 0.0595030883791 0.0000377576217043 0.000431113801648 0.000605420726101 0.999999723803 0.00893562131022 2
116 -0.169010560308 0.0606697588587 0.000877034680485 0.00375600980189 -0.00399237095766 0.999984976569 0.0112387713879 2
117 0.05744514496592663 -0.0326394081374025 -0.09803062503077278 -1 0 0 100 0
118 -0.0192460878663 -0.0552857462785 -0.024482348284 1.22464679915e-16 0 -1 100 0
119 -0.1806601316953237 -0.0326394081374025 0.09592345005688648 -0.11281948910938247 0 0.9936155005217553 100 0
120 -0.019523981862090135 -0.0326394081374025 0.13529786209827874 0 0 1 100 0
121 -0.12233463781009321 0.010121217878162373 0.07496817767169875 -0.11288949612105818 0 0.9936075491186316 100 0
122 -0.159417726458 0.0644469968342 -0.145922526168 0 0 1 100 0
123 0.0620334349483 0.000264832932483 0.0840584148096 -0.0013532907357 0.999996769024 -0.00215187027266 0.00854062490562 2
124 0.0900429102459 -0.00159471094447 0.316827939513 0.000881021074133 0.999988173674 0.00478291903713 0.00855665419544 2
125 0.14161216797114343 -0.0326394081374025 0.09592345005688646 0.11281948910938243 0 0.9936155005217553 100 0
126 0.146673458202 -0.0119717722299 -0.160888745274 0 0 1 100 0
127 -0.0223526514365 -0.0458794637262 -0.228878140638 0 0 1 100 0
128 -0.0357511711043 -0.0492963001322 -0.263086641451 0 0 1 100 0
129 0.00166437665929 -0.0492963001322 -0.263086641451 0 0 1 100 0
130 -0.0156235976166 0.0175298061624 0.391150936587 0 0 1 100 0
131 -0.227312309188 0.0228746480566 2.07427911784e-7 0.0000700111030732 0.00070478957002 -0.999999749185 0.00838358580247 2
132 0.188287335359 0.0227254946082 0.00000414255524601 -0.0000169302025168 0.000322558337024 -0.999999947835 0.00837297434319 2
133 -0.10076917129166338 -0.010617685739386588 0.004167271146427191 0 0 1 100 0
134 0.061721207567483116 -0.010617685739386588 0.004167271146427191 0 0 1 100 0
135 -0.0964931086901069 -0.0326394081374025 -0.09803062503077278 1 0 0 100 0
136 0.017891565901529127 -0.045467595942071955 -0.25025845364618376 1 0 0 100 0
137 -0.010688838328922142 -0.05205886137153118 -0.24598239104462727 0.9807902883971603 -0.19506514310040807 -0.000011533982465019005 100 0
138 0.0177125485407 -0.0562987769906 -0.0116541604793 0.999382670227 -0.0253369479317 -0.0243375742488 100 0
139 0.00994693244354 -0.0620839741784 0.00229027851994 -0.0183168900789 -0.0397892884892 -0.999040191413 0.00775285227354 2