0 13
1 13
2 13
3 13
4 13
5 13
6 13
7 13
8 13
9 13
10 13
11 13
12 13
13 13
14 13
15 13
16 13
17 13
18 13
19 13
20 13
21 13
22 13
23 13
24 13
25 13
26 13
27 13
28 13
29 13
30 13
31 13
32 13
33 13
34 13
35 13
36 13
37 13
38 13
39 13
40 13
41 13
42 13
43 13
44 13
45 13
46 13
47 13
48 13
49 13
50 13
51 13
52 13
53 13
54 13
55 13
56 13
57 13
58 13
59 13
60 13
61 13
62 13
63 13
64 13
65 13
66 13
67 13
68 13
69 13
70 13
71 13
72 13
73 13
74 13
75 13
76 13
77 13
78 13
79 13
80 13
81 13
82 13
83 13
84 13
85 13
86 13
87 13
88 13
89 13
90 13
91 13
92 13
93 13
94 13
95 13
96 8
97 8
98 8
99 8
100 8
101 8
102 8
103 8
104 8
105 8
106 8
107 8
108 8
109 8
110 8
111 8
112 8
113 8
114 8
115 8
116 8
117 8
118 8
119 8
120 8
121 8
122 8
123 8
124 8
125 8
126 8
127 8
128 8
129 8
130 8
131 8
132 8
133 8
134 8
135 8
136 8
137 8
138 8
139 8
140 8
141 8
142 8
143 8
144 8
145 8
146 8
147 8
148 8
149 8
150 8
151 8
152 8
153 8
154 8
155 8
156 8
157 8
158 8
159 8
160 8
161 8
162 8
163 8
164 8
165 8
166 8
167 8
168 8
169 8
170 8
171 8
172 8
173 8
174 8
175 8
176 8
177 8
178 8
179 8
180 14
181 14
182 14
183 14
184 14
185 14
186 14
187 14
188 14
189 14
190 14
191 14
192 14
193 14
194 14
195 14
196 14
197 14
198 14
199 14
200 14
201 14
202 14
203 14
204 14
205 14
206 14
207 14
208 14
209 14
210 14
211 14
212 14
213 14
214 14
215 14
216 14
217 14
218 14
219 14
220 14
221 14
222 14
223 14
224 14
225 14
226 14
227 14
228 14
229 14
230 14
231 14
232 14
233 14
234 14
235 14
236 14
237 14
238 14
239 14
240 14
241 14
242 14
243 14
244 14
245 14
246 14
247 14
248 14
249 14
250 14
251 14
252 14
253 14
254 14
255 14
256 14
257 14
258 14
259 14
260 14
261 14
262 14
263 14
264 7
265 7
266 7
267 7
268 7
269 7
270 7
271 7
272 7
273 7
274 7
275 7
276 7
277 7
278 7
279 7
280 7
281 7
282 7
283 7
284 7
285 7
286 7
287 7
288 7
289 7
290 7
291 7
292 7
293 7
294 7
295 7
296 7
297 7
298 7
299 7
300 7
301 7
302 7
303 7
304 7
305 7
306 7
307 7
308 7
309 7
310 7
311 7
312 7
313 7
314 7
315 7
316 7
317 7
318 7
319 7
320 7
321 7
322 7
323 7
324 7
325 7
326 7
327 7
328 7
329 7
330 7
331 7
332 7
333 7
334 7
335 7
336 7
337 7
338 7
339 7
340 7
341 7
342 7
343 7
344 7
345 7
346 7
347 7
348 7
349 7
350 7
351 7
352 7
353 7
354 7
355 7
356 7
357 7
358 7
359 7
360 12
361 12
362 12
363 12
364 12
365 12
366 12
367 12
368 12
369 12
370 12
371 12
372 12
373 12
374 12
375 12
376 12
377 12
378 12
379 12
380 12
381 12
382 12
383 12
384 12
385 12
386 12
387 12
388 12
389 12
390 12
391 12
392 12
393 12
394 12
395 12
396 12
397 12
398 12
399 12
400 12
401 12
402 12
403 12
404 12
405 12
406 12
407 12
408 12
409 12
410 12
411 12
412 12
413 12
414 12
415 12
416 12
417 12
418 12
419 12
420 12
421 12
422 12
423 12
424 12
425 12
426 12
427 12
428 12
429 12
430 12
431 12
432 12
433 12
434 6
435 6
436 6
437 6
438 6
439 6
440 6
441 6
442 6
443 6
444 6
445 6
446 6
447 6
448 6
449 6
450 6
451 6
452 6
453 6
454 6
455 6
456 6
457 6
458 6
459 6
460 6
461 6
462 6
463 6
464 6
465 6
466 6
467 6
468 6
469 6
470 6
471 6
472 6
473 6
474 6
475 6
476 6
477 6
478 6
479 6
480 6
481 6
482 6
483 6
484 6
485 6
486 6
487 6
488 6
489 6
490 6
491 6
492 6
493 6
494 6
495 6
496 6
497 6
498 6
499 6
500 6
501 6
502 6
503 6
504 6
505 6
506 6
507 6
508 9
509 9
510 9
511 9
512 9
513 9
514 9
515 9
516 9
517 9
518 9
519 9
520 9
521 9
522 9
523 9
524 9
525 9
526 9
527 9
528 9
529 9
530 9
531 9
532 9
533 9
534 9
535 9
536 9
537 9
538 9
539 9
540 9
541 9
542 9
543 9
544 9
545 9
546 9
547 9
548 9
549 9
550 9
551 9
552 9
553 9
554 9
555 9
556 9
557 9
558 9
559 9
560 9
561 9
562 9
563 9
564 9
565 9
566 9
567 9
568 9
569 9
570 9
571 9
572 9
573 9
574 9
575 9
576 9
577 9
578 9
579 9
580 9
581 9
582 15
583 15
584 15
585 15
586 15
587 15
588 15
589 15
590 15
591 15
592 15
593 15
594 15
595 15
596 15
597 15
598 15
599 15
600 15
601 15
602 15
603 15
604 15
605 15
606 15
607 15
608 15
609 15
610 15
611 15
612 15
613 15
614 15
615 15
616 15
617 15
618 15
619 15
620 15
621 15
622 15
623 15
624 15
625 15
626 15
627 15
628 15
629 15
630 15
631 15
632 15
633 15
634 15
635 15
636 15
637 15
638 15
639 15
640 15
641 15
642 15
643 15
644 15
645 15
646 15
647 15
648 15
649 15
650 15
651 15
652 15
653 15
654 15
655 15
656 2
657 2
658 2
659 2
660 2
661 2
662 2
663 2
664 2
665 2
666 2
667 2
668 2
669 2
670 2
671 2
672 2
673 2
674 2
675 2
676 2
677 2
678 2
679 2
680 2
681 2
682 2
683 2
684 2
685 2
686 2
687 2
688 2
689 2
690 2
691 2
692 2
693 2
694 2
695 2
696 2
697 2
698 2
699 2
700 2
701 2
702 2
703 2
704 2
705 2
706 2
707 2
708 2
709 2
710 2
711 2
712 2
713 2
714 2
715 2
716 2
717 2
718 2
719 2
720 2
721 2
722 2
723 2
724 2
725 2
726 2
727 2
728 2
729 2
730 2
731 2
732 2
733 2
734 2
735 2
736 2
737 2
738 2
739 2
740 2
741 2
742 2
743 2
744 2
745 2
746 2
747 2
748 2
749 2
750 0
751 2
752 2
753 2
754 2
755 2
756 2
757 2
758 2
759 2
760 2
761 2
762 2
763 2
764 2
765 2
766 2
767 2
768 2
769 2
770 2
771 2
772 2
773 2
774 2
775 2
776 2
777 2
778 2
779 2
780 2
781 2
782 2
783 2
784 2
785 2
786 2
787 2
788 2
789 2
790 2
791 2
792 2
793 2
794 2
795 2
796 2
797 2
798 2
799 2
800 2
801 2
802 2
803 2
804 2
805 2
806 2
807 2
808 2
809 2
810 2
811 2
812 2
813 2
814 2
815 2
816 2
817 2
818 2
819 2
820 2
821 2
822 2
823 2
824 2
825 2
826 2
827 2
828 2
829 2
830 2
831 2
832 2
833 2
834 2
835 2
836 2
837 2
838 2
839 2
840 2
841 2
842 2
843 2
844 2
845 2
846 2
847 2
848 2
849 2
850 2
851 2
852 2
853 2
854 2
855 2
856 2
857 2
858 2
859 2
860 2
861 2
862 2
863 2
864 2
865 2
866 2
867 2
868 2
869 2
870 2
871 2
872 2
873 2
874 2
875 2
876 2
877 2
878 2
879 2
880 2
881 2
882 2
883 2
884 2
885 2
886 2
887 2
888 2
889 2
890 2
891 2
892 2
893 2
894 2
895 2
896 2
897 2
898 2
899 2
900 2
901 2
902 2
903 2
904 2
905 2
906 2
907 2
908 2
909 2
910 2
911 2
912 2
913 2
914 2
915 2
916 2
917 2
918 2
919 2
920 2
921 2
922 2
923 2
924 2
925 2
926 2
927 2
928 2
929 2
930 2
931 2
932 2
933 2
934 2
935 2
936 2
937 2
938 2
939 2
940 2
941 2
942 2
943 2
944 2
945 2
946 2
947 2
948 2
949 2
950 2
951 2
952 2
953 2
954 2
955 2
956 2
957 2
958 2
959 2
960 2
961 2
962 2
963 2
964 2
965 2
966 2
967 2
968 2
969 2
970 2
971 2
972 2
973 2
974 2
975 2
976 2
977 2
978 2
979 2
980 2
981 2
982 2
983 2
984 2
985 2
986 2
987 2
988 2
989 2
990 0
991 2
992 2
993 2
994 2
995 2
996 2
997 2
998 2
999 2
1000 2
1001 2
1002 2
1003 2
1004 2
1005 2
1006 2
1007 2
1008 2
1009 2
1010 2
1011 2
1012 2
1013 2
1014 2
1015 2
1016 2
1017 2
1018 2
1019 2
1020 2
1021 2
1022 2
1023 2
1024 2
1025 2
1026 2
1027 2
1028 2
1029 2
1030 2
1031 2
1032 2
1033 2
1034 2
1035 2
1036 2
1037 2
1038 2
1039 2
1040 2
1041 2
1042 2
1043 2
1044 2
1045 2
1046 2
1047 2
1048 2
1049 2
1050 2
1051 2
1052 2
1053 2
1054 2
1055 2
1056 2
1057 2
1058 2
1059 2
1060 2
1061 2
1062 2
1063 2
1064 2
1065 2
1066 2
1067 2
1068 2
1069 2
1070 2
1071 2
1072 2
1073 2
1074 2
1075 2
1076 2
1077 2
1078 2
1079 2
1080 2
1081 2
1082 2
1083 2
1084 2
1085 2
1086 2
1087 2
1088 2
1089 2
1090 2
1091 2
1092 2
1093 2
1094 2
1095 2
1096 2
1097 2
1098 2
1099 2
1100 2
1101 2
1102 2
1103 2
1104 2
1105 2
1106 2
1107 2
1108 2
1109 2
1110 2
1111 2
1112 2
1113 2
1114 2
1115 2
1116 2
1117 2
1118 2
1119 2
1120 2
1121 2
1122 2
1123 2
1124 2
1125 2
1126 2
1127 2
1128 2
1129 2
1130 2
1131 2
1132 2
1133 2
1134 2
1135 2
1136 2
1137 2
1138 2
1139 2
1140 2
1141 2
1142 2
1143 2
1144 2
1145 2
1146 2
1147 2
1148 2
1149 2
1150 2
1151 2
1152 2
1153 2
1154 2
1155 2
1156 2
1157 2
1158 2
1159 2
1160 2
1161 2
1162 2
1163 2
1164 2
1165 2
1166 2
1167 2
1168 2
1169 2
1170 2
1171 2
1172 2
1173 2
1174 2
1175 2
1176 2
1177 2
1178 2
1179 2
1180 2
1181 2
1182 2
1183 2
1184 2
1185 2
1186 2
1187 2
1188 2
1189 2
1190 2
1191 2
1192 2
1193 2
1194 2
1195 2
1196 2
1197 2
1198 2
1199 2
1200 2
1201 2
1202 2
1203 2
1204 2
1205 2
1206 2
1207 2
1208 2
1209 2
1210 2
1211 2
1212 2
1213 2
1214 2
1215 2
1216 2
1217 2
1218 2
1219 2
1220 2
1221 2
1222 2
1223 2
1224 2
1225 2
1226 2
1227 2
1228 2
1229 2
1230 2
1231 2
1232 2
1233 2
1234 2
1235 2
1236 2
1237 2
1238 2
1239 2
1240 2
1241 2
1242 2
1243 2
1244 2
1245 2
1246 2
1247 2
1248 2
1249 2
1250 2
1251 2
1252 2
1253 2
1254 2
1255 2
1256 2
1257 2
1258 2
1259 2
1260 2
1261 2
1262 2
1263 2
1264 2
1265 2
1266 2
1267 2
1268 2
1269 2
1270 2
1271 2
1272 2
1273 2
1274 2
1275 2
1276 2
1277 2
1278 2
1279 2
1280 2
1281 2
1282 2
1283 2
1284 2
1285 2
1286 2
1287 2
1288 2
1289 2
1290 2
1291 2
1292 2
1293 2
1294 2
1295 2
1296 2
1297 2
1298 2
1299 2
1300 2
1301 2
1302 2
1303 2
1304 2
1305 2
1306 2
1307 2
1308 2
1309 2
1310 2
1311 2
1312 2
1313 2
1314 2
1315 2
1316 2
1317 2
1318 2
1319 2
1320 2
1321 2
1322 2
1323 2
1324 2
1325 2
1326 2
1327 2
1328 2
1329 2
1330 2
1331 2
1332 2
1333 2
1334 2
1335 2
1336 2
1337 2
1338 2
1339 2
1340 2
1341 2
1342 2
1343 2
1344 2
1345 2
1346 2
1347 2
1348 2
1349 2
1350 2
1351 2
1352 2
1353 2
1354 2
1355 2
1356 2
1357 2
1358 2
1359 2
1360 2
1361 2
1362 2
1363 2
1364 2
1365 2
1366 2
1367 2
1368 2
1369 2
1370 2
1371 2
1372 2
1373 2
1374 2
1375 2
1376 2
1377 2
1378 2
1379 2
1380 2
1381 2
1382 2
1383 2
1384 2
1385 2
1386 2
1387 2
1388 2
1389 2
1390 2
1391 2
1392 2
1393 2
1394 2
1395 2
1396 2
1397 2
1398 2
1399 2
1400 2
1401 2
1402 2
1403 2
1404 2
1405 2
1406 2
1407 2
1408 2
1409 2
1410 2
1411 2
1412 2
1413 2
1414 2
1415 2
1416 2
1417 2
1418 2
1419 2
1420 2
1421 2
1422 2
1423 2
1424 2
1425 2
1426 2
1427 2
1428 2
1429 2
1430 2
1431 2
1432 2
1433 2
1434 2
1435 2
1436 2
1437 2
1438 2
1439 2
1440 2
1441 2
1442 2
1443 2
1444 2
1445 2
1446 2
1447 2
1448 2
1449 2
1450 2
1451 2
1452 2
1453 2
1454 2
1455 2
1456 2
1457 2
1458 2
1459 2
1460 2
1461 2
1462 2
1463 2
1464 2
1465 2
1466 2
1467 2
1468 2
1469 2
1470 2
1471 2
1472 2
1473 2
1474 2
1475 2
1476 2
1477 2
1478 2
1479 2
1480 2
1481 2
1482 2
1483 2
1484 2
1485 2
1486 2
1487 2
1488 2
1489 2
1490 2
1491 2
1492 2
1493 2
1494 2
1495 2
1496 2
1497 2
1498 2
1499 2
1500 2
1501 2
1502 2
1503 2
1504 2
1505 2
1506 2
1507 2
1508 2
1509 2
1510 2
1511 2
1512 2
1513 2
1514 2
1515 2
1516 2
1517 2
1518 2
1519 2
1520 2
1521 2
1522 2
1523 2
1524 2
1525 2
1526 2
1527 2
1528 2
1529 2
1530 2
1531 2
1532 2
1533 2
1534 2
1535 2
1536 2
1537 2
1538 2
1539 2
1540 2
1541 2
1542 2
1543 2
1544 2
1545 2
1546 2
1547 2
1548 2
1549 2
1550 2
1551 2
1552 2
1553 2
1554 2
1555 2
1556 2
1557 2
1558 2
1559 2
1560 2
1561 2
1562 2
1563 2
1564 2
1565 2
1566 2
1567 2
1568 2
1569 2
1570 2
1571 2
1572 2
1573 2
1574 2
1575 2
1576 2
1577 2
1578 2
1579 2
1580 2
1581 2
1582 2
1583 2
1584 2
1585 2
1586 2
1587 2
1588 2
1589 2
1590 2
1591 2
1592 2
1593 2
1594 2
1595 2
1596 2
1597 2
1598 2
1599 2
1600 2
1601 2
1602 2
1603 2
1604 2
1605 2
1606 2
1607 2
1608 2
1609 2
1610 2
1611 2
1612 2
1613 2
1614 2
1615 2
1616 2
1617 2
1618 2
1619 2
1620 2
1621 2
1622 2
1623 2
1624 2
1625 2
1626 2
1627 2
1628 2
1629 2
1630 2
1631 2
1632 2
1633 2
1634 2
1635 2
1636 2
1637 2
1638 2
1639 2
1640 2
1641 2
1642 2
1643 2
1644 2
1645 2
1646 2
1647 2
1648 2
1649 2
1650 2
1651 2
1652 2
1653 2
1654 2
1655 2
1656 2
1657 2
1658 2
1659 2
1660 2
1661 2
1662 2
1663 2
1664 2
1665 2
1666 2
1667 2
1668 2
1669 2
1670 2
1671 2
1672 2
1673 2
1674 2
1675 2
1676 2
1677 2
1678 2
1679 2
1680 2
1681 2
1682 2
1683 2
1684 2
1685 2
1686 2
1687 2
1688 2
1689 2
1690 2
1691 2
1692 2
1693 2
1694 2
1695 2
1696 2
1697 2
1698 2
1699 2
1700 2
1701 2
1702 2
1703 2
1704 2
1705 2
1706 2
1707 2
1708 2
1709 2
1710 2
1711 2
1712 2
1713 2
1714 2
1715 2
1716 2
1717 2
1718 2
1719 2
1720 2
1721 2
1722 2
1723 2
1724 2
1725 2
1726 2
1727 2
1728 2
1729 2
1730 2
1731 2
1732 2
1733 2
1734 2
1735 2
1736 2
1737 2
1738 2
1739 2
1740 2
1741 2
1742 2
1743 2
1744 2
1745 2
1746 2
1747 2
1748 2
1749 2
1750 2
1751 2
1752 2
1753 2
1754 2
1755 2
1756 2
1757 2
1758 2
1759 2
1760 2
1761 2
1762 2
1763 2
1764 2
1765 2
1766 2
1767 2
1768 2
1769 2
1770 2
1771 2
1772 2
1773 2
1774 2
1775 2
1776 2
1777 2
1778 2
1779 2
1780 2
1781 2
1782 2
1783 2
1784 2
1785 2
1786 2
1787 2
1788 2
1789 2
1790 2
1791 2
1792 2
1793 2
1794 2
1795 2
1796 2
1797 2
1798 2
1799 2
1800 2
1801 2
1802 2
1803 2
1804 2
1805 2
1806 2
1807 2
1808 2
1809 2
1810 2
1811 2
1812 2
1813 2
1814 2
1815 2
1816 2
1817 2
1818 2
1819 2
1820 2
1821 2
1822 2
1823 2
1824 2
1825 2
1826 2
1827 2
1828 2
1829 2
1830 2
1831 2
1832 2
1833 2
1834 2
1835 2
1836 2
1837 2
1838 2
1839 2
1840 2
1841 2
1842 2
1843 2
1844 2
1845 2
1846 2
1847 2
1848 2
1849 2
1850 2
1851 2
1852 2
1853 2
1854 2
1855 2
1856 2
1857 2
1858 2
1859 2
1860 2
1861 2
1862 2
1863 2
1864 2
1865 2
1866 2
1867 2
1868 2
1869 2
1870 2
1871 2
1872 2
1873 2
1874 2
1875 2
1876 2
1877 2
1878 2
1879 2
1880 2
1881 2
1882 2
1883 2
1884 2
1885 2
1886 2
1887 2
1888 2
1889 2
1890 2
1891 2
1892 2
1893 2
1894 2
1895 2
1896 2
1897 2
1898 2
1899 2
1900 2
1901 2
1902 2
1903 2
1904 2
1905 2
1906 2
1907 2
1908 2
1909 2
1910 2
1911 2
1912 2
1913 2
1914 2
1915 2
1916 2
1917 2
1918 2
1919 2
1920 2
1921 2
1922 2
1923 2
1924 2
1925 2
1926 2
1927 2
1928 2
1929 2
1930 2
1931 2
1932 2
1933 2
1934 2
1935 2
1936 2
1937 2
1938 2
1939 2
1940 2
1941 2
1942 2
1943 2
1944 2
1945 2
1946 2
1947 2
1948 2
1949 2
1950 2
1951 2
1952 2
1953 2
1954 2
1955 2
1956 2
1957 2
1958 2
1959 2
1960 2
1961 2
1962 2
1963 2
1964 2
1965 2
1966 2
1967 2
1968 2
1969 2
1970 2
1971 2
1972 2
1973 2
1974 2
1975 2
1976 2
1977 2
1978 2
1979 2
1980 2
1981 2
1982 2
1983 2
1984 2
1985 2
1986 2
1987 2
1988 2
1989 2
1990 2
1991 2
1992 2
1993 2
1994 2
1995 2
1996 2
1997 2
1998 2
1999 2
2000 2
2001 2
2002 2
2003 2
2004 2
2005 2
2006 2
2007 2
2008 2
2009 2
2010 2
2011 2
2012 2
2013 2
2014 2
2015 2
2016 2
2017 2
2018 2
2019 2
2020 2
2021 2
2022 2
2023 2
2024 2
2025 2
2026 2
2027 2
2028 2
2029 2
2030 2
2031 2
2032 2
2033 2
2034 2
2035 2
2036 2
2037 2
2038 2
2039 2
2040 2
2041 2
2042 2
2043 2
2044 2
2045 2
2046 2
2047 2
2048 2
2049 2
2050 2
2051 2
2052 2
2053 2
2054 2
2055 2
2056 2
2057 2
2058 2
2059 2
2060 2
2061 2
2062 2
2063 2
2064 2
2065 2
2066 2
2067 2
2068 2
2069 2
2070 2
2071 2
2072 2
2073 2
2074 2
2075 2
2076 2
2077 2
2078 2
2079 2
2080 2
2081 2
2082 2
2083 2
2084 2
2085 2
2086 2
2087 2
2088 2
2089 2
2090 2
2091 2
2092 2
2093 2
2094 2
2095 2
2096 2
2097 2
2098 2
2099 2
2100 2
2101 2
2102 2
2103 2
2104 2
2105 2
2106 2
2107 2
2108 2
2109 2
2110 2
2111 2
2112 2
2113 2
2114 2
2115 2
2116 2
2117 2
2118 2
2119 2
2120 2
2121 2
2122 2
2123 2
2124 2
2125 2
2126 2
2127 2
2128 2
2129 2
2130 2
2131 2
2132 2
2133 2
2134 2
2135 2
2136 2
2137 2
2138 2
2139 2
2140 2
2141 2
2142 2
2143 2
2144 2
2145 2
2146 2
2147 2
2148 2
2149 2
2150 2
2151 2
2152 2
2153 2
2154 2
2155 2
2156 2
2157 2
2158 2
2159 2
2160 2
2161 2
2162 2
2163 2
2164 2
2165 2
2166 2
2167 2
2168 2
2169 2
2170 2
2171 2
2172 2
2173 2
2174 2
2175 2
2176 2
2177 2
2178 2
2179 2
2180 2
2181 2
2182 2
2183 2
2184 2
2185 2
2186 2
2187 2
2188 2
2189 2
2190 2
2191 2
2192 2
2193 2
2194 2
2195 2
2196 2
2197 2
2198 2
2199 2
2200 2
2201 2
2202 2
2203 2
2204 2
2205 2
2206 2
2207 2
2208 2
2209 2
2210 2
2211 2
2212 2
2213 2
2214 2
2215 2
2216 2
2217 2
2218 2
2219 2
2220 2
2221 2
2222 2
2223 2
2224 2
2225 2
2226 2
2227 2
2228 2
2229 2
2230 2
2231 2
2232 2
2233 2
2234 2
2235 2
2236 2
2237 2
2238 2
2239 2
2240 2
2241 2
2242 2
2243 2
2244 2
2245 2
2246 2
2247 2
2248 2
2249 2
2250 2
2251 2
2252 2
2253 2
2254 2
2255 2
2256 2
2257 2
2258 2
2259 2
2260 2
2261 2
2262 2
2263 2
2264 2
2265 2
2266 2
2267 2
2268 2
2269 2
2270 2
2271 2
2272 2
2273 2
2274 2
2275 2
2276 2
2277 2
2278 2
2279 2
2280 2
2281 2
2282 2
2283 2
2284 2
2285 2
2286 2
2287 2
2288 2
2289 2
2290 2
2291 2
2292 2
2293 2
2294 2
2295 2
2296 2
2297 2
2298 2
2299 2
2300 2
2301 2
2302 2
2303 2
2304 2
2305 2
2306 2
2307 2
2308 2
2309 2
2310 2
2311 2
2312 2
2313 2
2314 2
2315 2
2316 2
2317 2
2318 2
2319 2
2320 2
2321 2
2322 2
2323 2
2324 2
2325 2
2326 2
2327 2
2328 2
2329 2
2330 2
2331 2
2332 2
2333 2
2334 2
2335 2
2336 2
2337 2
2338 2
2339 2
2340 2
2341 2
2342 2
2343 2
2344 2
2345 2
2346 2
2347 2
2348 2
2349 2
2350 2
2351 2
2352 2
2353 2
2354 2
2355 2
2356 2
2357 2
2358 2
2359 2
2360 2
2361 2
2362 2
2363 2
2364 2
2365 2
2366 2
2367 2
2368 2
2369 2
2370 2
2371 2
2372 2
2373 2
2374 2
2375 2
2376 2
2377 2
2378 2
2379 2
2380 2
2381 2
2382 2
2383 2
2384 2
2385 2
2386 2
2387 2
2388 2
2389 2
2390 2
2391 2
2392 2
2393 2
2394 2
2395 2
2396 2
2397 2
2398 2
2399 2
2400 2
2401 2
2402 2
2403 2
2404 2
2405 2
2406 2
2407 2
2408 2
2409 2
2410 2
2411 2
2412 2
2413 2
2414 2
2415 2
2416 2
2417 2
2418 2
2419 2
2420 2
2421 2
2422 2
2423 2
2424 2
2425 2
2426 2
2427 2
2428 2
2429 2
2430 2
2431 2
2432 2
2433 2
2434 2
2435 2
2436 2
2437 2
2438 2
2439 2
2440 2
2441 2
2442 2
2443 2
2444 2
2445 2
2446 2
2447 2
2448 2
2449 2
2450 2
2451 2
2452 2
2453 2
2454 2
2455 2
2456 2
2457 2
2458 2
2459 2
2460 2
2461 2
2462 2
2463 2
2464 2
2465 2
2466 2
2467 2
2468 2
2469 2
2470 2
2471 2
2472 2
2473 2
2474 2
2475 2
2476 2
2477 2
2478 2
2479 2
2480 2
2481 2
2482 2
2483 2
2484 2
2485 2
2486 2
2487 2
2488 2
2489 2
2490 2
2491 2
2492 2
2493 2
2494 2
2495 2
2496 2
2497 2
2498 2
2499 2
2500 2
2501 2
2502 2
2503 2
2504 2
2505 2
2506 2
2507 2
2508 2
2509 2
2510 2
2511 2
2512 2
2513 2
2514 2
2515 2
2516 2
2517 2
2518 2
2519 2
2520 2
2521 2
2522 2
2523 2
2524 2
2525 2
2526 2
2527 2
2528 2
2529 2
2530 2
2531 2
2532 2
2533 2
2534 2
2535 2
2536 2
2537 2
2538 2
2539 2
2540 2
2541 2
2542 2
2543 2
2544 2
2545 2
2546 2
2547 2
2548 2
2549 2
2550 2
2551 2
2552 2
2553 2
2554 2
2555 2
2556 2
2557 2
2558 2
2559 2
2560 2
2561 2
2562 2
2563 2
2564 2
2565 2
2566 2
2567 2
2568 2
2569 2
2570 2
2571 2
2572 2
2573 2
2574 2
2575 2
2576 2
2577 2
2578 2
2579 2
2580 2
2581 2
2582 2
2583 2
2584 2
2585 2
2586 2
2587 2
2588 2
2589 2
2590 2
2591 2
2592 2
2593 2
2594 2
2595 2
2596 2
2597 2
2598 2
2599 2
2600 2
2601 2
2602 2
2603 2
2604 2
2605 2
2606 2
2607 2
2608 2
2609 2
2610 2
2611 2
2612 0
2613 0
2614 0
2615 0
2616 0
2617 0
2618 0
2619 0
2620 0
2621 0
2622 0
2623 0
2624 0
2625 0
2626 0
2627 0
2628 0
2629 0
2630 0
2631 0
2632 0
2633 0
2634 0
2635 0
2636 0
2637 0
2638 0
2639 0
2640 0
2641 0
2642 0
2643 0
2644 0
2645 0
2646 0
2647 0
2648 0
2649 0
2650 0
2651 0
2652 0
2653 0
2654 0
2655 0
2656 0
2657 0
2658 0
2659 0
2660 0
2661 0
2662 0
2663 0
2664 0
2665 0
2666 0
2667 0
2668 0
2669 0
2670 0
2671 0
2672 0
2673 0
2674 0
2675 0
2676 0
2677 0
2678 0
2679 0
2680 0
2681 0
2682 0
2683 0
2684 0
2685 0
2686 0
2687 0
2688 0
2689 0
2690 0
2691 0
2692 0
2693 0
2694 0
2695 0
2696 0
2697 0
2698 0
2699 0
2700 0
2701 0
2702 0
2703 0
2704 0
2705 0
2706 0
2707 0
2708 0
2709 0
2710 0
2711 0
2712 0
2713 0
2714 0
2715 0
2716 0
2717 0
2718 0
2719 0
2720 0
2721 0
2722 0
2723 0
2724 0
2725 0
2726 0
2727 0
2728 0
2729 0
2730 0
2731 0
2732 0
2733 0
2734 0
2735 0
2736 0
2737 0
2738 0
2739 0
2740 0
2741 0
2742 0
2743 0
2744 0
2745 0
2746 0
2747 0
2748 0
2749 0
2750 0
2751 0
2752 0
2753 0
2754 0
2755 0
2756 0
2757 0
2758 0
2759 0
2760 0
2761 0
2762 0
2763 0
2764 0
2765 0
2766 0
2767 0
2768 0
2769 0
2770 0
2771 0
2772 11
2773 11
2774 11
2775 11
2776 11
2777 11
2778 11
2779 11
2780 11
2781 11
2782 11
2783 11
2784 11
2785 11
2786 11
2787 11
2788 11
2789 11
2790 11
2791 11
2792 11
2793 11
2794 11
2795 11
2796 11
2797 11
2798 11
2799 11
2800 11
2801 11
2802 11
2803 11
2804 11
2805 11
2806 11
2807 11
2808 11
2809 11
2810 11
2811 11
2812 11
2813 11
2814 11
2815 11
2816 11
2817 11
2818 11
2819 11
2820 11
2821 11
2822 11
2823 11
2824 11
2825 11
2826 11
2827 11
2828 11
2829 11
2830 11
2831 11
2832 11
2833 11
2834 11
2835 11
2836 11
2837 11
2838 11
2839 11
2840 11
2841 11
2842 11
2843 11
2844 11
2845 11
2846 11
2847 11
2848 11
2849 11
2850 11
2851 11
2852 11
2853 11
2854 5
2855 5
2856 5
2857 5
2858 5
2859 5
2860 5
2861 5
2862 5
2863 5
2864 5
2865 5
2866 5
2867 5
2868 5
2869 5
2870 5
2871 5
2872 5
2873 5
2874 5
2875 5
2876 5
2877 5
2878 5
2879 5
2880 5
2881 5
2882 5
2883 5
2884 5
2885 5
2886 5
2887 5
2888 5
2889 5
2890 5
2891 5
2892 5
2893 5
2894 5
2895 5
2896 5
2897 5
2898 5
2899 5
2900 5
2901 5
2902 5
2903 5
2904 5
2905 5
2906 5
2907 5
2908 5
2909 5
2910 5
2911 5
2912 5
2913 5
2914 5
2915 5
2916 5
2917 5
2918 5
2919 5
2920 5
2921 5
2922 5
2923 5
2924 5
2925 5
2926 5
2927 5
2928 5
2929 5
2930 5
2931 5
2932 5
2933 5
2934 5
2935 5
2936 10
2937 10
2938 10
2939 10
2940 10
2941 10
2942 10
2943 10
2944 10
2945 10
2946 10
2947 10
2948 10
2949 10
2950 10
2951 10
2952 10
2953 10
2954 10
2955 10
2956 10
2957 10
2958 10
2959 10
2960 10
2961 10
2962 10
2963 10
2964 10
2965 10
2966 10
2967 10
2968 10
2969 10
2970 10
2971 10
2972 10
2973 10
2974 10
2975 10
2976 10
2977 10
2978 10
2979 10
2980 10
2981 10
2982 10
2983 10
2984 10
2985 10
2986 10
2987 10
2988 10
2989 10
2990 10
2991 10
2992 10
2993 10
2994 10
2995 10
2996 10
2997 10
2998 10
2999 10
3000 10
3001 10
3002 10
3003 10
3004 10
3005 10
3006 10
3007 10
3008 10
3009 10
3010 10
3011 10
3012 10
3013 10
3014 10
3015 10
3016 10
3017 10
3018 10
3019 10
3020 10
3021 10
3022 16
3023 16
3024 16
3025 16
3026 16
3027 16
3028 16
3029 16
3030 16
3031 16
3032 16
3033 16
3034 16
3035 16
3036 16
3037 16
3038 16
3039 16
3040 16
3041 16
3042 16
3043 16
3044 16
3045 16
3046 16
3047 16
3048 16
3049 16
3050 16
3051 16
3052 16
3053 16
3054 16
3055 16
3056 16
3057 16
3058 16
3059 16
3060 16
3061 16
3062 16
3063 16
3064 16
3065 16
3066 16
3067 16
3068 16
3069 16
3070 16
3071 16
3072 16
3073 16
3074 16
3075 16
3076 16
3077 16
3078 16
3079 16
3080 16
3081 16
3082 16
3083 16
3084 16
3085 16
3086 16
3087 16
3088 16
3089 16
3090 16
3091 16
3092 16
3093 16
3094 16
3095 16
3096 16
3097 16
3098 16
3099 16
3100 16
3101 16
3102 16
3103 16
3104 16
3105 16
3106 16
3107 16
3108 0
3109 0
3110 0
3111 0
3112 3
3113 3
3114 3
3115 3
3116 3
3117 3
3118 3
3119 3
3120 3
3121 3
3122 3
3123 3
3124 3
3125 3
3126 3
3127 3
3128 3
3129 3
3130 3
3131 3
3132 3
3133 3
3134 3
3135 3
3136 3
3137 3
3138 3
3139 3
3140 3
3141 3
3142 3
3143 3
3144 3
3145 3
3146 3
3147 3
3148 3
3149 3
3150 3
3151 3
3152 3
3153 3
3154 3
3155 3
3156 3
3157 3
3158 3
3159 3
3160 3
3161 3
3162 3
3163 3
3164 3
3165 3
3166 3
3167 3
3168 3
3169 3
3170 3
3171 3
3172 3
3173 3
3174 3
3175 3
3176 3
3177 3
3178 3
3179 3
3180 3
3181 3
3182 3
3183 3
3184 3
3185 3
3186 3
3187 3
3188 3
3189 3
3190 3
3191 3
3192 3
3193 3
3194 3
3195 3
3196 3
3197 3
3198 3
3199 3
3200 3
3201 3
3202 3
3203 3
3204 3
3205 3
3206 3
3207 3
3208 3
3209 3
3210 3
3211 3
3212 3
3213 3
3214 3
3215 3
3216 3
3217 3
3218 3
3219 3
3220 3
3221 3
3222 3
3223 3
3224 3
3225 3
3226 3
3227 3
3228 3
3229 3
3230 3
3231 3
3232 3
3233 3
3234 3
3235 3
3236 3
3237 3
3238 3
3239 3
3240 3
3241 3
3242 3
3243 3
3244 3
3245 3
3246 3
3247 3
3248 3
3249 3
3250 3
3251 3
3252 3
3253 3
3254 3
3255 3
3256 3
3257 3
3258 3
3259 3
3260 3
3261 3
3262 3
3263 3
3264 3
3265 3
3266 3
3267 3
3268 3
3269 3
3270 3
3271 3
3272 3
3273 3
3274 3
3275 3
3276 3
3277 3
3278 3
3279 3
3280 3
3281 3
3282 3
3283 3
3284 3
3285 3
3286 3
3287 3
3288 3
3289 3
3290 3
3291 3
3292 3
3293 3
3294 3
3295 3
3296 3
3297 3
3298 3
3299 3
3300 3
3301 3
3302 3
3303 3
3304 3
3305 3
3306 3
3307 3
3308 3
3309 3
3310 3
3311 3
3312 3
3313 3
3314 3
3315 3
3316 3
3317 3
3318 3
3319 3
3320 3
3321 3
3322 3
3323 3
3324 3
3325 3
3326 3
3327 3
3328 3
3329 3
3330 3
3331 3
3332 3
3333 3
3334 3
3335 3
3336 3
3337 3
3338 3
3339 3
3340 3
3341 3
3342 3
3343 3
3344 3
3345 3
3346 3
3347 3
3348 3
3349 3
3350 3
3351 3
3352 3
3353 3
3354 3
3355 3
3356 3
3357 3
3358 3
3359 3
3360 3
3361 3
3362 3
3363 3
3364 3
3365 3
3366 3
3367 3
3368 3
3369 3
3370 3
3371 3
3372 3
3373 3
3374 3
3375 3
3376 3
3377 3
3378 3
3379 3
3380 3
3381 3
3382 3
3383 3
3384 3
3385 3
3386 3
3387 3
3388 3
3389 3
3390 3
3391 3
3392 3
3393 3
3394 3
3395 3
3396 3
3397 3
3398 3
3399 3
3400 3
3401 3
3402 3
3403 3
3404 3
3405 3
3406 3
3407 3
3408 3
3409 3
3410 3
3411 3
3412 3
3413 3
3414 3
3415 3
3416 3
3417 3
3418 3
3419 3
3420 3
3421 3
3422 3
3423 3
3424 3
3425 3
3426 3
3427 3
3428 3
3429 3
3430 3
3431 3
3432 3
3433 3
3434 3
3435 3
3436 3
3437 3
3438 3
3439 3
3440 3
3441 3
3442 3
3443 3
3444 3
3445 3
3446 3
3447 3
3448 3
3449 3
3450 3
3451 3
3452 3
3453 3
3454 3
3455 3
3456 3
3457 3
3458 3
3459 3
3460 3
3461 3
3462 3
3463 3
3464 3
3465 3
3466 3
3467 3
3468 3
3469 3
3470 3
3471 3
3472 3
3473 3
3474 3
3475 3
3476 3
3477 3
3478 3
3479 3
3480 3
3481 3
3482 3
3483 3
3484 3
3485 3
3486 3
3487 3
3488 3
3489 3
3490 3
3491 3
3492 3
3493 3
3494 3
3495 3
3496 3
3497 3
3498 3
3499 3
3500 3
3501 3
3502 3
3503 3
3504 3
3505 3
3506 3
3507 3
3508 3
3509 3
3510 3
3511 3
3512 3
3513 3
3514 3
3515 3
3516 3
3517 3
3518 3
3519 3
3520 3
3521 3
3522 3
3523 3
3524 3
3525 3
3526 3
3527 3
3528 3
3529 3
3530 3
3531 3
3532 3
3533 3
3534 3
3535 3
3536 3
3537 3
3538 3
3539 3
3540 3
3541 3
3542 3
3543 3
3544 3
3545 3
3546 3
3547 3
3548 3
3549 3
3550 3
3551 3
3552 3
3553 3
3554 3
3555 0
3556 0
3557 0
3558 0
3559 0
3560 0
3561 0
3562 0
3563 0
3564 0
3565 0
3566 0
3567 0
3568 0
3569 0
3570 0
3571 0
3572 0
3573 0
3574 0
3575 0
3576 0
3577 0
3578 0
3579 0
3580 0
3581 0
3582 0
3583 0
3584 0
3585 0
3586 0
3587 0
3588 0
3589 0
3590 0
3591 0
3592 0
3593 0
3594 0
3595 0
3596 0
3597 0
3598 0
3599 0
3600 0
3601 0
3602 0
3603 0
3604 0
3605 1
3606 1
3607 1
3608 1
3609 1
3610 1
3611 1
3612 1
3613 1
3614 1
3615 1
3616 1
3617 1
3618 1
3619 1
3620 1
3621 1
3622 1
3623 1
3624 1
3625 1
3626 1
3627 1
3628 1
3629 1
3630 1
3631 1
3632 1
3633 1
3634 1
3635 1
3636 1
3637 1
3638 1
3639 1
3640 1
3641 1
3642 1
3643 1
3644 1
3645 1
3646 1
3647 1
3648 1
3649 1
3650 1
3651 1
3652 1
3653 1
3654 1
3655 1
3656 1
3657 1
3658 1
3659 1
3660 1
3661 1
3662 1
3663 1
3664 1
3665 1
3666 1
3667 1
3668 1
3669 1
3670 1
3671 1
3672 1
3673 1
3674 1
3675 1
3676 1
3677 1
3678 1
3679 1
3680 1
3681 1
3682 1
3683 1
3684 1
3685 1
3686 1
3687 1
3688 1
3689 1
3690 1
3691 1
3692 1
3693 1
3694 1
3695 1
3696 1
3697 1
3698 1
3699 1
3700 1
3701 1
3702 1
3703 1
3704 1
3705 1
3706 1
3707 1
3708 1
3709 1
3710 1
3711 1
3712 1
3713 1
3714 1
3715 1
3716 1
3717 1
3718 1
3719 1
3720 1
3721 1
3722 1
3723 1
3724 1
3725 1
3726 1
3727 1
3728 1
3729 1
3730 1
3731 1
3732 1
3733 1
3734 1
3735 1
3736 1
3737 1
3738 1
3739 1
3740 1
3741 1
3742 1
3743 1
3744 1
3745 1
3746 1
3747 1
3748 1
3749 1
3750 1
3751 1
3752 1
3753 1
3754 1
3755 1
3756 1
3757 1
3758 1
3759 1
3760 1
3761 1
3762 1
3763 1
3764 1
3765 1
3766 1
3767 1
3768 1
3769 1
3770 1
3771 1
3772 1
3773 1
3774 1
3775 1
3776 1
3777 1
3778 1
3779 1
3780 1
3781 1
3782 1
3783 1
3784 1
3785 1
3786 1
3787 1
3788 1
3789 1
3790 1
3791 1
3792 1
3793 1
3794 1
3795 1
3796 1
3797 1
3798 1
3799 1
3800 1
3801 1
3802 1
3803 1
3804 1
3805 1
3806 1
3807 1
3808 1
3809 1
3810 1
3811 1
3812 1
3813 1
3814 1
3815 1
3816 1
3817 1
3818 1
3819 1
3820 1
3821 1
3822 1
3823 1
3824 1
3825 1
3826 1
3827 1
3828 1
3829 1
3830 1
3831 1
3832 1
3833 1
3834 1
3835 1
3836 1
3837 1
3838 1
3839 1
3840 1
3841 1
3842 1
3843 1
3844 1
3845 1
3846 1
3847 1
3848 1
3849 1
3850 1
3851 1
3852 1
3853 1
3854 1
3855 1
3856 1
3857 1
3858 1
3859 1
3860 1
3861 1
3862 1
3863 1
3864 1
3865 1
3866 1
3867 1
3868 1
3869 1
3870 1
3871 1
3872 1
3873 1
3874 1
3875 1
3876 1
3877 1
3878 1
3879 1
3880 1
3881 1
3882 1
3883 1
3884 1
3885 1
3886 1
3887 1
3888 1
3889 1
3890 1
3891 1
3892 1
3893 1
3894 1
3895 1
3896 1
3897 1
3898 1
3899 1
3900 1
3901 1
3902 1
3903 1
3904 1
3905 1
3906 1
3907 1
3908 1
3909 1
3910 1
3911 1
3912 1
3913 1
3914 1
3915 1
3916 1
3917 1
3918 1
3919 1
3920 1
3921 1
3922 1
3923 1
3924 1
3925 1
3926 1
3927 1
3928 1
3929 1
3930 1
3931 1
3932 1
3933 1
3934 1
3935 1
3936 1
3937 1
3938 1
3939 1
3940 1
3941 1
3942 1
3943 1
3944 1
3945 1
3946 1
3947 1
3948 1
3949 1
3950 1
3951 1
3952 1
3953 1
3954 1
3955 1
3956 1
3957 1
3958 1
3959 1
3960 1
3961 1
3962 1
3963 1
3964 1
3965 1
3966 1
3967 1
3968 1
3969 1
3970 1
3971 1
3972 1
3973 1
3974 1
3975 1
3976 1
3977 1
3978 1
3979 1
3980 1
3981 1
3982 1
3983 1
3984 1
3985 1
3986 1
3987 1
3988 1
3989 1
3990 1
3991 1
3992 1
3993 1
3994 1
3995 1
3996 1
3997 1
3998 1
3999 1
4000 1
4001 1
4002 1
4003 1
4004 1
4005 1
4006 1
4007 1
4008 1
4009 1
4010 1
4011 1
4012 1
4013 1
4014 1
4015 1
4016 1
4017 1
4018 1
4019 1
4020 1
4021 1
4022 1
4023 1
4024 1
4025 1
4026 1
4027 1
4028 1
4029 1
4030 1
4031 1
4032 1
4033 1
4034 1
4035 1
4036 1
4037 1
4038 1
4039 1
4040 1
4041 1
4042 1
4043 1
4044 1
4045 1
4046 0
4047 0
4048 0
4049 0
4050 0
4051 0
4052 0
4053 0
4054 0
4055 0
4056 0
4057 0
4058 0
4059 0
4060 0
4061 0
4062 0
4063 0
4064 0
4065 0
4066 0
4067 0
4068 0
4069 0
4070 0
4071 0
4072 0
4073 0
4074 0
4075 0
4076 0
4077 0
4078 0
4079 0
4080 0
4081 0
4082 0
4083 4
4084 4
4085 4
4086 4
4087 4
4088 4
4089 4
4090 4
4091 4
4092 4
4093 4
4094 4
4095 4
4096 4
4097 4
4098 4
4099 4
4100 4
4101 4
4102 4
4103 4
4104 4
4105 4
4106 4
4107 4
4108 4
4109 4
4110 4
4111 4
4112 4
4113 4
4114 4
4115 4
4116 4
4117 4
4118 4
4119 4
4120 4
4121 4
4122 4
4123 4
4124 4
4125 4
4126 4
4127 4
4128 4
4129 4
4130 4
4131 4
4132 4
4133 4
4134 4
4135 4
4136 4
4137 4
4138 4
4139 4
4140 4
4141 4
4142 4
4143 4
4144 4
4145 4
4146 4
4147 4
4148 4
4149 4
4150 4
4151 4
4152 4
4153 4
4154 4
4155 4
4156 4
4157 4
4158 4
4159 4
4160 4
4161 4
4162 4
4163 4
4164 4
4165 4
4166 4
4167 4
4168 4
4169 4
4170 4
4171 4
4172 4
4173 4
4174 4
4175 4
4176 4
4177 4
4178 4
4179 4
4180 4
4181 4
4182 4
4183 4
4184 4
4185 4
4186 4
4187 4
4188 4
4189 4
4190 4
4191 4
4192 4
4193 4
4194 4
4195 4
4196 4
4197 4
4198 4
4199 4
4200 4
4201 4
4202 4
4203 4
4204 4
4205 4
4206 4
4207 4
4208 4
4209 4
4210 4
4211 0
4212 4
4213 4
4214 4
4215 4
4216 4
4217 4
4218 4
4219 4
4220 4
4221 4
4222 4
4223 4
4224 4
4225 4
4226 4
4227 4
4228 4
4229 4
4230 4
4231 4
4232 4
4233 4
4234 4
4235 4
4236 4
4237 4
4238 4
4239 4
4240 4
4241 4
4242 4
4243 4
4244 4
4245 4
4246 4
4247 4
4248 4
4249 4
4250 4
4251 4
4252 4
4253 4
4254 4
4255 4
4256 4
4257 4
4258 4
4259 4
4260 4
4261 4
4262 4
4263 4
4264 4
4265 4
4266 4
4267 4
4268 4
4269 4
4270 4
4271 4
4272 4
4273 4
4274 4
4275 4
4276 4
4277 4
4278 4
4279 4
4280 4
4281 4
4282 4
4283 4
4284 4
4285 4
4286 4
4287 4
4288 4
4289 4
4290 4
4291 4
4292 4
4293 4
4294 4
4295 4
4296 4
4297 4
4298 4
4299 4
4300 4
4301 4
4302 4
4303 4
4304 4
4305 4
4306 4
4307 4
4308 4
4309 4
4310 4
4311 4
4312 4
4313 4
4314 4
4315 4
4316 4
4317 4
4318 4
4319 4
4320 4
4321 4
4322 4
4323 4
4324 4
4325 4
4326 4
4327 4
4328 4
4329 4
4330 4
4331 4
4332 4
4333 4
4334 4
4335 4
4336 4
4337 4
4338 4
4339 4
4340 4
4341 4
4342 4
4343 4
4344 4
4345 4
4346 4
4347 4
4348 4
4349 4
4350 4
4351 4
4352 4
4353 4
4354 4
4355 0
4356 4
4357 4
4358 4
4359 4
4360 4
4361 4
4362 4
4363 4
4364 4
4365 4
4366 4
4367 4
4368 4
4369 4
4370 4
4371 4
4372 4
4373 4
4374 4
4375 4
4376 4
4377 4
4378 4
4379 4
4380 4
4381 4
4382 4
4383 4
4384 4
4385 4
4386 4
4387 4
4388 4
4389 4
4390 4
4391 4
4392 4
4393 4
4394 4
4395 4
4396 4
4397 4
4398 4
4399 4
4400 4
4401 4
4402 4
4403 4
4404 4
4405 4
4406 4
4407 4
4408 4
4409 4
4410 4
4411 4
4412 4
4413 4
4414 4
4415 4
4416 4
4417 4
4418 4
4419 4
4420 4
4421 4
4422 4
4423 4
4424 4
4425 4
4426 4
4427 4
4428 4
4429 4
4430 4
4431 4
4432 4
4433 4
4434 4
4435 4
4436 4
4437 4
4438 4
4439 4
4440 4
4441 4
4442 4
4443 4
4444 4
4445 4
4446 4
4447 4
4448 4
4449 4
4450 4
4451 4
4452 4
4453 4
4454 4
4455 4
4456 4
4457 4
4458 4
4459 4
4460 4
4461 4
4462 4
4463 4
4464 4
4465 4
4466 4
4467 4
4468 4
4469 4
4470 4
4471 4
4472 4
4473 4
4474 4
4475 4
4476 4
4477 4
4478 4
4479 4
4480 4
4481 4
4482 4
4483 4
4484 4
4485 4
4486 4
4487 4
4488 4
4489 4
4490 4
4491 4
4492 4
4493 4
4494 4
4495 4
4496 4
4497 4
4498 4
4499 4
4500 4
4501 4
4502 4
4503 4
4504 4
4505 4
4506 4
4507 4
4508 4
4509 4
4510 4
4511 4
4512 4
4513 4
4514 4
4515 4
4516 4
4517 4
4518 4
4519 4
4520 4
4521 4
4522 4
4523 4
4524 4
4525 4
4526 4
4527 4
4528 4
4529 4
4530 4
4531 4
4532 4
4533 4
4534 4
4535 4
4536 4
4537 4
4538 4
4539 4
4540 4
4541 4
4542 4
4543 4
4544 4
4545 4
4546 4
4547 4
4548 4
4549 4
4550 4
4551 4
4552 4
4553 4
4554 4
4555 4
4556 4
4557 4
4558 4
4559 4
4560 4
4561 4
4562 4
4563 4
4564 4
4565 4
4566 4
4567 4
4568 4
4569 4
4570 4
4571 4
4572 4
4573 4
4574 4
4575 4
4576 4
4577 4
4578 4
4579 4
4580 4
4581 4
4582 4
4583 4
4584 4
4585 4
4586 4
4587 4
4588 4
4589 4
4590 4
4591 4
4592 0
4593 4
4594 4
4595 4
4596 4
4597 4
4598 4
4599 4
4600 4
4601 4
4602 4
4603 4
4604 4
4605 4
4606 4
4607 4
4608 4
4609 4
4610 4
4611 4
4612 4
4613 4
4614 4
4615 4
4616 4
4617 4
4618 4
4619 4
4620 4
4621 4
4622 4
4623 4
4624 4
4625 4
4626 4
4627 4
4628 4
4629 4
4630 4
4631 4
4632 4
4633 4
4634 4
4635 4
4636 4
4637 4
4638 0
4639 4
4640 4
4641 4
4642 4
4643 4
4644 4
4645 4
4646 4
4647 4
4648 4
4649 4
4650 4
4651 4
4652 4
4653 4
4654 4
4655 4
4656 4
4657 4
4658 4
4659 4
4660 4
4661 4
4662 4
4663 4
4664 4
4665 4
4666 4
4667 4
4668 4
4669 4
4670 4
4671 4
4672 4
4673 4
4674 4
4675 4
4676 4
4677 4
4678 4
4679 4
4680 4
4681 4
4682 4
4683 4
4684 4
4685 4
4686 4
4687 4
4688 4
4689 4
4690 4
4691 4
4692 4
4693 4
4694 4
4695 4
4696 4
4697 4
4698 4
4699 4
4700 4
4701 4
4702 4
4703 4
4704 4
4705 4
4706 4
4707 4
4708 4
4709 4
4710 4
4711 4
4712 4
4713 4
4714 4
4715 4
4716 4
4717 4
4718 4
4719 4
4720 4
4721 4
4722 4
4723 4
4724 4
4725 4
4726 4
4727 4
4728 4
4729 4
4730 4
4731 4
4732 4
4733 4
4734 4
4735 4
4736 4
4737 4
4738 4
4739 4
4740 4
4741 4
4742 4
4743 4
4744 4
4745 4
4746 4
4747 4
4748 4
4749 4
4750 4
4751 4
4752 4
4753 4
4754 4
4755 4
4756 4
4757 4
4758 4
4759 4
4760 4
4761 4
4762 4
4763 4
4764 4
4765 4
4766 4
4767 4
4768 4
4769 4
4770 4
4771 4
4772 4
4773 4
4774 4
4775 4
4776 4
4777 4
4778 4
4779 4
4780 4
4781 4
4782 4
4783 4
4784 4
4785 4
4786 4
4787 4
4788 4
4789 4
4790 4
4791 4
4792 4
4793 4
4794 4
4795 4
4796 4
4797 4
4798 4
4799 4
4800 4
4801 4
4802 4
4803 4
4804 4
4805 4
4806 4
4807 4
4808 4
4809 4
4810 4
4811 4
4812 4
4813 4
4814 4
4815 4
4816 4
4817 4
4818 4
4819 4
4820 4
4821 4
4822 4
4823 4
4824 4
4825 4
4826 4
4827 4
4828 4
4829 4
4830 4
4831 4
4832 4
4833 4
4834 4
4835 4
4836 4
4837 4
4838 4
4839 4
4840 4
4841 4
4842 4
4843 4
4844 4
4845 4
4846 4
4847 4
4848 4
4849 4
4850 4
4851 4
4852 4
4853 4
4854 4
4855 4
4856 4
4857 4
4858 4
4859 4
4860 4
4861 4
4862 4
4863 4
4864 4
4865 4
4866 4
4867 4
4868 4
4869 4
4870 4
4871 4
4872 4
4873 4
4874 4
4875 4
4876 4
4877 4
4878 4
4879 4
4880 4
4881 4
4882 4
4883 4
4884 4
4885 4
4886 4
4887 4
4888 4
4889 4
4890 4
4891 4
4892 4
4893 4
4894 4
4895 4
4896 4
4897 4
4898 4
4899 4
4900 4
4901 4
4902 4
4903 4
4904 4
4905 4
4906 4
4907 4
4908 4
4909 4
4910 4
4911 4
4912 4
4913 4
4914 4
4915 4
4916 4
4917 4
4918 4
4919 4
4920 4
4921 4
4922 4
4923 4
4924 4
4925 4
4926 4
4927 4
4928 4
4929 4
4930 4
4931 4
4932 4
4933 4
4934 4
4935 4
4936 4
4937 4
4938 4
4939 4
4940 4
4941 4
4942 4
4943 4
4944 4
4945 4
4946 4
4947 4
4948 4
4949 4
4950 4
4951 4
4952 4
4953 4
4954 4
4955 4
4956 4
4957 4
4958 4
4959 4
4960 4
4961 4
4962 4
4963 4
4964 4
4965 4
4966 4
4967 4
4968 4
4969 4
4970 4
4971 4
4972 4
4973 4
4974 4
4975 4
4976 4
4977 4
4978 4
4979 4
4980 4
4981 4
4982 4
4983 4
4984 4
4985 4
4986 4
4987 4
4988 4
4989 4
4990 4
4991 4
4992 4
4993 4
4994 4
4995 4
4996 4
4997 4
4998 4
4999 4
5000 4
5001 4
5002 4
5003 4
5004 4
5005 4
5006 4
5007 4
5008 4
5009 4
5010 4
5011 4
5012 4
5013 4
5014 4
5015 4
5016 4
5017 4
5018 4
5019 4
5020 4
5021 4
5022 4
5023 4
5024 4
5025 4
5026 4
5027 4
5028 4
5029 4
5030 4
5031 4
5032 4
5033 4
5034 4
5035 4
5036 4
5037 4
5038 4
5039 4
5040 4
5041 4
5042 4
5043 4
5044 4
5045 4
5046 4
5047 4
5048 4
5049 4
5050 4
5051 4
5052 4
5053 4
5054 4
5055 4
5056 4
5057 4
5058 4
5059 4
5060 4
5061 4
5062 4
5063 4
5064 4
5065 4
5066 4
5067 4
5068 4
5069 4
5070 4
5071 4
5072 4
5073 4
5074 4
5075 4
5076 4
5077 4
5078 4
5079 4
5080 4
5081 4
5082 4
5083 4
5084 4
5085 4
5086 4
5087 4
5088 4
5089 4
5090 4
5091 4
5092 4
5093 4
5094 4
5095 4
5096 4
5097 4
5098 4
5099 4
5100 4
5101 4
5102 4
5103 4
5104 4
5105 4
5106 4
5107 4
5108 4
5109 4
5110 4
5111 4
5112 4
5113 4
5114 4
5115 4
5116 4
5117 4
5118 4
5119 4
5120 4
5121 4
5122 4
5123 4
5124 4
5125 4
5126 4
5127 4
5128 4
5129 4
5130 4
5131 4
5132 4
5133 4
5134 4
5135 4
5136 4
5137 4
5138 4
5139 4
5140 4
5141 4
5142 4
5143 4
5144 4
5145 4
5146 4
5147 4
5148 4
5149 4
5150 4
5151 4
5152 4
5153 4
5154 4
5155 4
5156 4
5157 4
5158 4
5159 4
5160 4
5161 4
5162 4
5163 4
5164 4
5165 4
5166 4
5167 4
5168 4
5169 4
5170 4
5171 4
5172 4
5173 4
5174 4
5175 4
5176 4
5177 4
5178 4
5179 4
5180 4
5181 4
5182 4
5183 4
5184 4
5185 4
5186 4
5187 4
5188 4
5189 4
5190 4
5191 4
5192 4
5193 4
5194 4
5195 4
5196 4
5197 4
5198 4
5199 4
5200 4
5201 4
5202 4
5203 4
5204 4
5205 4
5206 4
5207 4
5208 4
5209 4
5210 4
5211 4
5212 4
5213 4
5214 4
5215 4
5216 4
5217 4
5218 4
5219 4
5220 4
5221 4
5222 4
5223 4
5224 4
5225 4
5226 4
5227 4
5228 4
5229 4
5230 4
5231 4
5232 4
5233 4
5234 4
5235 4
5236 4
5237 4
5238 4
5239 4
5240 4
5241 4
5242 4
5243 4
5244 4
5245 4
5246 4
5247 4
5248 4
5249 4
5250 4
5251 4
5252 4
5253 4
5254 4
5255 4
5256 4
5257 4
5258 4
5259 4
5260 4
5261 4
5262 4
5263 4
5264 4
5265 4
5266 4
5267 4
5268 4
5269 4
5270 4
5271 4
5272 4
5273 4
5274 4
5275 4
5276 4
5277 4
5278 4
5279 4
5280 4
5281 4
5282 4
5283 4
5284 4
5285 4
5286 4
5287 4
5288 4
5289 4
5290 4
5291 4
5292 4
5293 4
5294 4
5295 4
5296 4
5297 4
5298 4
5299 4
5300 4
5301 4
5302 4
5303 4
5304 4
5305 4
5306 4
5307 4
5308 4
5309 4
5310 4
5311 4
5312 4
5313 4
5314 4
5315 4
5316 4
5317 4
5318 4
5319 4
5320 4
5321 4
5322 4
5323 4
5324 4
5325 4
5326 4
5327 4
5328 4
5329 4
5330 4
5331 4
5332 4
5333 4
5334 4
5335 4
5336 4
5337 4
5338 4
5339 4
5340 4
5341 4
5342 4
5343 4
5344 4
5345 4
5346 4
5347 4
5348 4
5349 4
5350 4
5351 4
5352 4
5353 4
5354 4
5355 4
5356 4
5357 4
5358 4
5359 4
5360 4
5361 4
5362 4
5363 4
5364 4
5365 4
5366 4
5367 4
5368 4
5369 4
5370 4
5371 4
5372 4
5373 4
5374 4
5375 4
5376 4
5377 4
5378 4
5379 4
5380 4
5381 4
5382 4
5383 4
5384 4
5385 4
5386 4
5387 4
5388 4
5389 4
5390 4
5391 4
5392 4
5393 4
5394 4
5395 4
5396 4
5397 4
5398 4
5399 4
5400 4
5401 4
5402 4
5403 4
5404 4
5405 4
5406 4
5407 4
5408 4
5409 4
5410 4
5411 4
5412 4
5413 4
5414 4
5415 4
5416 4
5417 4
5418 4
5419 4
5420 4
5421 4
5422 4
5423 4
5424 4
5425 4
5426 4
5427 4
5428 4
5429 4
5430 4
5431 4
5432 4
5433 4
5434 4
5435 4
5436 4
5437 4
5438 4
5439 4
5440 4
5441 4
5442 4
5443 4
5444 4
5445 4
5446 4
5447 4
5448 4
5449 4
5450 4
5451 4
5452 4
5453 4
5454 4
5455 4
5456 4
5457 4
5458 4
5459 4
5460 4
5461 4
5462 4
5463 4
5464 4
5465 4
5466 4
5467 4
5468 4
5469 4
5470 4
5471 4
5472 4
5473 4
5474 4
5475 4
5476 4
5477 4
5478 4
5479 4
5480 4
5481 4
5482 4
5483 4
5484 4
5485 4
5486 4
5487 4
5488 4
5489 4
5490 4
5491 4
5492 4
5493 4
5494 4
5495 4
5496 4
5497 4
5498 4
5499 4
5500 4
5501 4
5502 4
5503 4
5504 4
5505 4
5506 4
5507 4
5508 4
5509 4
5510 4
5511 4
5512 4
5513 4
5514 4
5515 4
5516 4
5517 4
5518 4
5519 4
5520 4
5521 4
5522 4
5523 4
5524 4
5525 4
5526 4
5527 4
5528 4
5529 4
5530 4
5531 4
5532 4
5533 4
5534 4
5535 4
5536 4
5537 4
5538 4
5539 4
5540 4
5541 4
5542 4
5543 4
5544 4
5545 4
5546 4
5547 4
5548 4
5549 4
5550 4
5551 4
5552 4
5553 4
5554 4
5555 4
5556 4
5557 4
5558 4
5559 4
5560 4
5561 4
5562 4
5563 4
5564 4
5565 4
5566 4
5567 4
5568 4
5569 4
5570 4
5571 4
5572 4
5573 4
5574 4
5575 4
5576 4
5577 4
5578 4
5579 4
5580 4
5581 4
5582 4
5583 4
5584 4
5585 4
5586 4
5587 4
5588 4
5589 4
5590 4
5591 4
5592 4
5593 4
5594 4
5595 4
5596 4
5597 4
5598 4
5599 4
5600 4
5601 4
5602 4
5603 4
5604 4
5605 4
5606 4
5607 4
5608 4
5609 4
5610 4
5611 4
5612 4
5613 4
5614 4
5615 4
5616 4
5617 4
5618 4
5619 4
5620 4
5621 4
5622 4
5623 4
5624 4
5625 4
5626 4
5627 4
5628 4
5629 4
5630 4
5631 4
5632 4
5633 4
5634 4
5635 4
5636 4
5637 4
5638 4
5639 4
5640 4
5641 4
5642 4
5643 4
5644 4
5645 4
5646 4
5647 4
5648 4
5649 4
5650 4
5651 4
5652 4
5653 4
5654 4
5655 4
5656 4
5657 4
5658 4
5659 4
5660 4
5661 4
5662 4
5663 4
5664 4
5665 4
5666 4
5667 4
5668 4
5669 4
5670 4
5671 4
5672 4
5673 4
5674 4
5675 4
5676 4
5677 4
5678 4
5679 4
5680 4
5681 4
5682 4
5683 4
5684 4
5685 4
5686 4
5687 4
5688 4
5689 4
5690 4
5691 4
5692 4
5693 4
5694 4
5695 4
5696 4
5697 4
5698 4
5699 4
5700 4
5701 4
5702 4
5703 4
5704 4
5705 4
5706 4
5707 4
5708 4
5709 4
5710 4
5711 4
5712 4
5713 4
5714 4
5715 4
5716 4
5717 4
5718 4
5719 4
5720 4
5721 4
5722 4
5723 4
5724 4
5725 4
5726 4
5727 4
5728 4
5729 4
5730 4
5731 4
5732 4
5733 4
5734 4
5735 4
5736 4
5737 4
5738 4
5739 4
5740 4
5741 4
5742 4
5743 4
5744 4
5745 4
5746 4
5747 4
5748 4
5749 4
5750 4
5751 4
5752 4
5753 4
5754 4
5755 4
5756 4
5757 4
5758 4
5759 4
5760 4
5761 4
5762 4
5763 4
5764 4
5765 4
5766 4
5767 4
5768 4
5769 4
5770 4
5771 4
5772 4
5773 4
5774 4
5775 4
5776 4
5777 4
5778 4
5779 4
5780 4
5781 4
5782 4
5783 4
5784 4
5785 4
5786 4
5787 4
5788 4
5789 4
5790 4
5791 4
5792 4
5793 4
5794 4
5795 4
5796 4
5797 4
5798 4
5799 4
5800 4
5801 4
5802 4
5803 4
5804 4
5805 4
5806 4
5807 4
5808 4
5809 4
5810 4
5811 4
5812 4
5813 4
5814 4
5815 4
5816 4
5817 4
5818 4
5819 4
5820 4
5821 4
5822 4
5823 4
5824 4
5825 4
5826 4
5827 4
5828 4
5829 4
5830 4
5831 4
5832 4
5833 4
5834 4
5835 4
5836 4
5837 4
5838 4
5839 4
5840 4
5841 4
5842 4
5843 4
5844 4
5845 4
5846 4
5847 4
5848 4
5849 4
5850 4
5851 4
5852 4
5853 4
5854 4
5855 4
5856 4
5857 4
5858 4
5859 4
5860 4
5861 4
5862 4
5863 4
5864 4
5865 4
5866 4
5867 4
5868 4
5869 4
5870 4
5871 4
5872 4
5873 4
5874 4
5875 4
5876 4
5877 4
5878 4
5879 4
5880 4
5881 4
5882 4
5883 4
5884 4
5885 4
5886 4
5887 4
5888 4
5889 4
5890 4
5891 4
5892 4
5893 4
5894 4
5895 4
5896 4
5897 4
5898 4
5899 4
5900 4
5901 4
5902 4
5903 4
5904 4
5905 4
5906 4
5907 4
5908 4
5909 4
5910 4
5911 4
5912 4
5913 4
5914 4
5915 4
5916 4
5917 4
5918 4
5919 4
5920 4
5921 4
5922 4
5923 4
5924 4
5925 4
5926 4
5927 4
5928 4
5929 4
5930 4
5931 4
5932 4
5933 4
5934 4
5935 4
5936 4
5937 4
5938 4
5939 4
5940 4
5941 4
5942 4
5943 4
5944 4
5945 4
5946 4
5947 4
5948 4
5949 4
5950 4
5951 4
5952 4
5953 4
5954 4
5955 4
5956 4
5957 4
5958 4
5959 4
5960 4
5961 4
5962 4
5963 4
5964 4
5965 4
5966 4
5967 4
5968 4
5969 4
5970 4
5971 4
5972 4
5973 4
5974 4
5975 4
5976 4
5977 4
5978 4
5979 4
5980 4
5981 4
5982 4
5983 4
5984 4
5985 4
5986 4
5987 4
5988 4
5989 4
5990 4
5991 4
5992 4
5993 4
5994 4
5995 4
5996 4
5997 4
5998 4
5999 4
6000 4
6001 4
6002 4
6003 4
6004 4
6005 4
**********
1 0.0311423889799 0.0201760055448 0.117241583887 0 0 1 100 0
2 0.0071650916053 -0.00925756863613 0.0000562571366118 undefined undefined undefined 100 1
3 -0.0239933438186 -0.0296724325139 -0.117177304733 1.22464679915e-16 0 -1 100 0
4 0.00722803557975 -0.00930737520602 -0.0000363662731075 undefined undefined undefined 100 1
5 0.00704881227301 0.00000176375635261 -0.000485427206157 0.000346057880324 -0.999998971783 0.00139164531026 0.0311653943021 2
6 0.00717896528998 -0.399963371005 0.0000326464307954 6.12323399574e-17 -1 6.12323399574e-17 100 0
7 0.00751788557193 -0.00000866075673707 -0.000713189288895 0.000975413708872 0.999997791463 -0.00186162212691 0.0930550616942 2
8 0.0000182819469992 -0.00801581354212 -0.00154152841824 -0.999991039861 -0.00152098154513 -0.00395054586838 0.0508570736859 2
9 0.37183066289 -0.00922899029031 0.000148901351878 1 0 6.12323399574e-17 100 0
10 0.0000193498565861 -0.0078988479595 -0.00189796150207 -0.999984959795 -0.00116172894254 -0.00536009042437 0.0377620710632 2
11 0.00683391234848 -0.00000620650388913 -0.000383671785846 -0.000974084048572 -0.999998836816 -0.00117368113786 0.0312365583765 2
12 0.00717896528998 0.381435355417 0.000032195893992 6.12323399574e-17 1 6.12323399574e-17 100 0
13 0.00726232116761 0.00000371301310867 0.000918145780864 0.000221885008516 -0.999997355701 0.00228896449782 0.0933894162873 2
14 -0.0000172912569159 -0.00943838964408 -0.000401067337353 0.999997730669 -0.00178242466539 -0.00116688428498 0.0515832999278 2
15 -0.357474224713 -0.00922899029031 -0.0000834911629942 -1 1.22464679915e-16 6.12323399574e-17 100 0
16 -0.000048469164354 -0.0103224477509 -0.00025528650525 0.999988728211 -0.00467493833675 -0.00082970033845 0.0384593764008 2