0 8
1 8
2 8
3 8
4 8
5 8
6 8
7 8
8 8
9 8
10 8
11 8
12 8
13 8
14 8
15 8
16 8
17 8
18 8
19 8
20 8
21 8
22 8
23 8
24 8
25 8
26 8
27 8
28 8
29 8
30 8
31 8
32 8
33 8
34 8
35 8
36 8
37 8
38 10
39 10
40 10
41 10
42 10
43 10
44 10
45 10
46 10
47 10
48 10
49 10
50 10
51 10
52 10
53 10
54 10
55 10
56 10
57 10
58 10
59 10
60 10
61 10
62 10
63 10
64 10
65 10
66 10
67 10
68 10
69 10
70 10
71 10
72 10
73 10
74 10
75 10
76 10
77 10
78 10
79 10
80 10
81 10
82 10
83 10
84 10
85 10
86 10
87 10
88 10
89 10
90 10
91 10
92 10
93 10
94 10
95 10
96 10
97 10
98 10
99 10
100 10
101 10
102 10
103 10
104 10
105 10
106 10
107 10
108 10
109 10
110 10
111 10
112 10
113 10
114 10
115 10
116 10
117 10
118 10
119 10
120 10
121 10
122 10
123 10
124 10
125 10
126 10
127 10
128 10
129 10
130 10
131 10
132 10
133 10
134 10
135 10
136 10
137 10
138 10
139 10
140 10
141 10
142 10
143 10
144 10
145 10
146 10
147 10
148 10
149 10
150 3
151 3
152 7
153 7
154 1
155 1
156 1
157 1
158 1
159 1
160 1
161 1
162 1
163 1
164 1
165 1
166 1
167 1
168 1
169 1
170 1
171 1
172 1
173 1
174 1
175 1
176 1
177 1
178 1
179 1
180 1
181 1
182 1
183 1
184 1
185 1
186 1
187 1
188 1
189 1
190 1
191 1
192 1
193 1
194 1
195 1
196 1
197 1
198 1
199 1
200 1
201 1
202 1
203 1
204 1
205 1
206 1
207 1
208 1
209 1
210 1
211 1
212 1
213 1
214 1
215 1
216 1
217 2
218 2
219 2
220 2
221 2
222 2
223 2
224 2
225 2
226 2
227 2
228 2
229 2
230 2
231 2
232 2
233 2
234 2
235 2
236 2
237 2
238 2
239 2
240 2
241 2
242 2
243 2
244 2
245 2
246 2
247 2
248 2
249 2
250 2
251 2
252 2
253 2
254 2
255 2
256 2
257 2
258 2
259 16
260 16
261 16
262 16
263 16
264 16
265 16
266 16
267 16
268 16
269 16
270 16
271 16
272 16
273 16
274 16
275 16
276 16
277 16
278 16
279 16
280 16
281 16
282 16
283 16
284 16
285 16
286 16
287 16
288 16
289 16
290 16
291 16
292 16
293 16
294 16
295 16
296 16
297 16
298 16
299 16
300 16
301 16
302 16
303 16
304 16
305 16
306 16
307 16
308 16
309 16
310 16
311 16
312 16
313 16
314 16
315 16
316 16
317 16
318 16
319 16
320 16
321 16
322 16
323 16
324 16
325 16
326 16
327 16
328 16
329 16
330 16
331 16
332 16
333 16
334 16
335 16
336 16
337 16
338 16
339 16
340 16
341 16
342 16
343 16
344 16
345 16
346 16
347 16
348 16
349 16
350 16
351 16
352 16
353 16
354 16
355 16
356 16
357 16
358 16
359 16
360 16
361 16
362 16
363 16
364 16
365 16
366 16
367 16
368 16
369 16
370 16
371 5
372 5
373 9
374 9
375 9
376 9
377 9
378 9
379 9
380 9
381 9
382 9
383 9
384 9
385 9
386 9
387 9
388 9
389 9
390 9
391 9
392 9
393 9
394 9
395 9
396 9
397 9
398 9
399 9
400 9
401 9
402 9
403 9
404 9
405 9
406 9
407 9
408 9
409 9
410 9
411 4
412 4
413 15
414 15
415 15
416 15
417 6
418 6
419 12
420 12
421 13
422 13
423 14
424 14
425 14
426 14
427 11
428 11
429 11
430 11
431 11
432 11
433 11
434 11
435 11
436 11
437 11
438 11
439 11
440 11
441 11
442 11
443 11
444 11
445 11
446 11
447 11
448 11
449 11
450 11
451 11
452 11
453 11
454 11
455 11
456 11
457 11
458 11
459 11
460 11
461 11
462 11
463 11
464 11
465 11
466 11
467 11
468 11
469 11
470 11
471 11
472 11
473 11
474 11
475 11
476 11
477 11
478 11
479 11
480 11
481 11
482 11
483 11
484 11
485 11
486 11
487 11
488 11
489 11
**********
1 -0.0362015392015 0.00113648969755 0.101144973905 0 0 1 100 0
2 0.0969323232323 0.000210429846863 0.00644800420798 0 0 1 100 0
3 0.189528571429 0.0747288702028 0.0537964890565 0.00479703720627 -0.999976791274 -0.00483790730522 100 0
4 0.192418091631 0.0485738196978 -0.021961075042 0.003547524771 -0.999635730434 -0.0267548408325 100 0
5 0.192418091631 -0.048573907575 -0.021961075042 0.00354874113277 0.999635624845 0.0267586243442 100 0
6 0.197784632034632 0.15151498131391464 0.025387409806462743 0 1 0 100 0
7 0.189528571429 -0.0747290843427 0.0537964890565 0.00479761789439 0.999976781169 0.00483941994789 100 0
8 0.106875623213 -6.53383009718e-9 8.16876330535e-9 7.64324433914e-8 2.62600060709e-7 -1 0.0755275740647 2
9 0.106875570179 -7.42070525941e-8 2.00778728845e-7 0.00000187862264417 0.00000185161725821 -0.999999999997 0.0490929998392 2
10 -0.0825208597192 -1.29991359562e-7 0.00000329551772478 -0.00003993554177 -0.0000190885100332 -0.99999999902 0.0385545507292 2
11 0.014142656726 -0.00014971134213 -0.050370154292 1.22464679915e-16 0 -1 100 0
12 -0.25676082251082255 -7.142472173427006e-8 0.025387409806462743 -1 0 0 100 0
13 0.197784632034632 -0.1515151241633581 0.025387409806462743 0 -1 0 100 0
14 0.65233008658 -0.100694532332 0.0111828604656 1 0 6.12323399574e-17 100 0
15 0.65233008658 0.0943811429301 0.00644801392389 1 0 6.12323399574e-17 100 0
16 -0.0000190980083748 0.0000201249780635 -0.999999999615 -0.0839049314677 0.0000131378393638 0.0198113474498 1.05020644527 3