0 4
1 4
2 19
3 19
4 19
5 4
6 4
7 4
8 4
9 7
10 4
11 4
12 0
13 7
14 9
15 9
16 7
17 4
18 12
19 4
20 4
21 4
22 4
23 4
24 13
25 13
26 4
27 17
28 4
29 12
30 4
31 11
32 4
33 4
34 4
35 4
36 4
37 17
38 4
39 10
40 11
41 4
42 9
43 9
44 10
45 15
46 9
47 9
48 21
49 15
50 16
51 21
52 8
53 9
54 9
55 16
56 4
57 6
58 4
59 4
60 4
61 4
62 4
63 8
64 4
65 4
66 4
67 0
68 6
69 4
70 4
71 4
72 4
73 4
74 4
75 4
76 4
77 4
78 4
79 4
80 4
81 4
82 4
83 4
84 4
85 4
86 4
87 4
88 4
89 4
90 4
91 4
92 4
93 4
94 3
95 3
96 3
97 3
98 3
99 3
100 3
101 20
102 3
103 13
104 20
105 1
106 1
107 1
108 1
109 1
110 1
111 1
112 5
113 5
114 1
115 1
116 1
117 1
118 1
119 1
120 1
121 1
122 1
123 1
124 1
125 1
126 1
127 1
128 1
129 1
130 1
131 1
132 1
133 1
134 14
135 1
136 1
137 1
138 13
139 14
140 3
141 1
142 1
143 1
144 1
145 1
146 1
147 1
148 1
149 1
150 1
151 1
152 1
153 1
154 1
155 1
156 1
157 1
158 1
159 1
160 1
161 1
162 1
163 1
164 1
165 1
166 1
167 1
168 1
169 1
170 1
171 1
172 19
173 19
174 0
175 19
176 19
177 0
178 19
179 19
180 0
181 0
182 19
183 0
184 19
185 22
186 19
187 0
188 19
189 22
190 19
191 19
192 22
193 22
194 19
195 22
196 22
197 19
198 22
199 19
200 22
201 19
202 2
203 19
204 19
205 19
206 19
207 2
208 2
209 22
210 23
211 0
212 23
213 23
214 23
215 23
216 23
217 23
218 23
219 0
220 0
221 0
222 0
223 0
224 0
225 23
226 23
227 23
228 23
229 23
230 23
231 23
232 23
233 23
234 23
235 23
236 23
237 23
238 23
239 23
240 23
241 23
242 23
243 23
244 23
245 23
246 23
247 23
248 23
249 23
250 23
251 23
252 23
253 23
254 23
255 23
256 23
257 3
258 23
259 3
260 23
261 23
262 3
263 3
264 23
265 23
266 23
267 23
268 23
269 23
270 23
271 23
272 23
273 23
274 23
275 23
276 23
277 23
278 0
279 3
280 0
281 0
282 3
283 3
284 0
285 0
286 0
287 0
288 0
289 0
290 0
291 0
292 0
293 0
294 0
295 0
296 0
297 0
298 0
299 0
300 3
301 3
302 3
303 0
304 0
305 3
306 3
307 3
308 3
309 0
310 0
311 0
312 0
313 0
314 0
315 0
316 0
317 0
318 0
319 0
320 0
321 0
322 0
323 0
324 0
325 0
326 3
327 3
328 3
329 3
330 3
331 3
332 23
333 23
334 23
335 2
336 23
337 2
338 23
339 2
340 23
341 2
342 23
343 2
344 2
345 23
346 2
347 23
348 2
349 23
350 2
351 23
352 2
353 23
354 2
355 23
356 2
357 23
358 2
359 23
360 2
361 23
362 3
363 2
364 22
365 22
366 22
367 22
368 22
369 22
370 22
371 22
372 22
373 22
374 22
375 22
376 22
377 22
378 22
379 22
380 22
381 22
382 22
383 22
384 22
385 22
386 22
387 22
388 22
389 22
390 22
391 22
392 22
393 22
394 22
395 22
396 22
397 22
398 22
399 22
400 22
401 22
402 22
403 22
404 22
405 22
406 22
407 22
408 22
409 22
410 22
411 22
412 0
413 0
414 0
415 0
416 0
417 0
418 0
419 0
420 0
421 0
422 0
423 0
424 0
425 0
426 0
427 0
428 0
429 0
430 0
431 0
432 0
433 0
434 0
435 0
436 0
437 0
438 0
439 0
440 0
441 0
442 0
443 0
444 0
445 0
446 0
447 0
448 0
449 0
450 0
451 22
452 22
453 22
454 22
455 22
456 22
457 22
458 22
459 22
460 22
461 22
462 22
463 22
464 22
465 22
466 22
467 22
468 22
469 6
470 18
471 18
**********
1 -0.0173615487907 -0.0568462284245 0.0126723105543 0.999988655019 -0.00473644267826 0.000505909973455 100 0
2 0.0755767727918 0.0777669361857 -0.0322738284153 1 0 6.12323399574e-17 100 0
3 -0.00416839336039 0.00431208518973 0.245930717951 0.0199436319437 0.229546811777 0.973093270323 100 0
4 -0.0378389427882 -0.0435030177968 0.0356651306535 -0.999985121197 0.00517582185116 -0.00172286158926 100 0
5 -0.07399327563976214 -0.1046220315582804 -0.0592768310340331 -1 0 0 100 0
6 -0.0543737476819 -0.000753942369661 -0.0584477328643 6.12323399574e-17 1 6.12323399574e-17 100 0
7 -0.0543737476819 -0.0786291114842 -0.163144920223 1.22464679915e-16 0 -1 100 0
8 -0.05633570047769675 -0.1046220315582804 0.044591258154586776 0 0 1 100 0
9 -0.0420538382143 -0.208490120747 -0.0734812250143 6.12323399574e-17 -1 6.12323399574e-17 100 0
10 -0.028291316396769385 -0.26146284623309635 -0.0676080904678523 0 -0.22941907367602193 -0.9733277395788308 100 0
11 -0.028291316396769385 -0.31443557171929254 0.0020053415872526344 0 -1 0 100 0
12 -0.028291316396769385 -0.20849012074690024 0.12874622269609848 0 -1 0 100 0
13 -0.0404092601354 -0.256096328292 0.173387688748 1.22464679915e-16 0 -1 100 0
14 -0.04906493423449336 -0.2739156953140093 0.23882458493730593 0 -0.9938648471158137 0.11060138185149587 100 0
15 -0.028291316396769385 -0.25107603731423445 -0.0405805749800815 0 0 1 100 0
16 -0.028291316396769385 -0.25107603731423445 0.044591258154586776 0 0 -1 100 0
17 -0.028291316396769385 -0.26146284623309635 0.07161877364235757 0 -0.229419073676022 0.9733277395788308 100 0
18 -0.08022536099107933 -0.26352888639514727 0.23882458493730593 -1 0 0 100 0
19 0.00405061980955 -0.0697666074182 -0.243237212409 0.0000047004112682 -0.499998272678 -0.866026401039 100 0
20 -0.059451743153355344 -0.25314207747628525 0.23882458493730593 0 0.9938648471158137 -0.11060138185149629 100 0
21 -0.028291316396769385 -0.29366195388156857 0.002005341587252637 0 1 0 100 0
22 0.0740757450578 -0.32597490308 0.0736664905108 -0.976232680939 -0.208392524046 0.0595172965547 0.42190125365 2
23 0.111046790504 -0.311177609168 0.0803184327482 -0.909102695056 -0.235780773266 0.343423523946 0.433468614908 2