0 46
1 46
2 46
3 46
4 46
5 46
6 46
7 46
8 46
9 46
10 46
11 46
12 46
13 46
14 46
15 46
16 46
17 46
18 46
19 46
20 46
21 46
22 46
23 46
24 46
25 46
26 46
27 46
28 46
29 46
30 46
31 46
32 46
33 46
34 46
35 43
36 43
37 43
38 43
39 43
40 43
41 43
42 43
43 43
44 43
45 43
46 43
47 43
48 43
49 43
50 43
51 43
52 43
53 43
54 43
55 43
56 43
57 43
58 43
59 43
60 43
61 43
62 43
63 43
64 43
65 43
66 43
67 43
68 43
69 43
70 45
71 45
72 45
73 45
74 45
75 45
76 45
77 45
78 45
79 45
80 45
81 45
82 45
83 45
84 45
85 45
86 45
87 45
88 45
89 45
90 45
91 45
92 45
93 45
94 45
95 45
96 45
97 45
98 45
99 45
100 45
101 45
102 45
103 45
104 45
105 44
106 44
107 44
108 44
109 44
110 44
111 44
112 44
113 44
114 44
115 44
116 44
117 44
118 44
119 44
120 44
121 44
122 44
123 44
124 44
125 44
126 44
127 44
128 44
129 44
130 44
131 44
132 44
133 44
134 44
135 44
136 44
137 44
138 44
139 44
140 25
141 25
142 25
143 25
144 25
145 25
146 25
147 25
148 25
149 25
150 25
151 25
152 25
153 25
154 25
155 25
156 25
157 25
158 25
159 25
160 25
161 25
162 25
163 25
164 25
165 25
166 25
167 25
168 25
169 25
170 25
171 25
172 25
173 25
174 25
175 23
176 23
177 23
178 23
179 23
180 23
181 23
182 23
183 23
184 23
185 23
186 23
187 23
188 23
189 23
190 23
191 23
192 23
193 23
194 23
195 23
196 23
197 23
198 23
199 23
200 23
201 23
202 23
203 23
204 23
205 23
206 23
207 23
208 23
209 23
210 24
211 24
212 24
213 24
214 24
215 24
216 24
217 24
218 24
219 24
220 24
221 24
222 24
223 24
224 24
225 24
226 24
227 24
228 24
229 24
230 24
231 24
232 24
233 24
234 24
235 24
236 24
237 24
238 24
239 24
240 24
241 24
242 24
243 24
244 24
245 0
246 0
247 0
248 0
249 0
250 0
251 0
252 0
253 0
254 0
255 0
256 0
257 0
258 0
259 0
260 0
261 0
262 0
263 0
264 0
265 0
266 0
267 0
268 0
269 0
270 0
271 0
272 0
273 0
274 0
275 0
276 0
277 0
278 0
279 0
280 0
281 0
282 0
283 0
284 0
285 0
286 0
287 0
288 0
289 0
290 0
291 0
292 0
293 0
294 0
295 0
296 0
297 0
298 0
299 0
300 0
301 0
302 0
303 0
304 0
305 0
306 0
307 0
308 0
309 0
310 0
311 0
312 0
313 0
314 0
315 0
316 0
317 0
318 0
319 42
320 42
321 42
322 42
323 42
324 42
325 42
326 42
327 42
328 42
329 42
330 42
331 42
332 42
333 42
334 42
335 42
336 42
337 42
338 42
339 42
340 42
341 42
342 42
343 42
344 42
345 42
346 42
347 42
348 42
349 42
350 42
351 42
352 42
353 42
354 42
355 42
356 42
357 42
358 42
359 42
360 42
361 42
362 42
363 42
364 42
365 42
366 42
367 42
368 42
369 42
370 42
371 42
372 42
373 42
374 42
375 42
376 42
377 42
378 42
379 42
380 42
381 42
382 42
383 42
384 42
385 42
386 42
387 42
388 42
389 42
390 42
391 42
392 42
393 40
394 40
395 40
396 40
397 40
398 40
399 40
400 40
401 40
402 40
403 40
404 40
405 40
406 40
407 40
408 40
409 40
410 40
411 40
412 40
413 40
414 40
415 40
416 40
417 40
418 40
419 40
420 40
421 40
422 40
423 40
424 40
425 40
426 40
427 40
428 40
429 40
430 40
431 40
432 40
433 40
434 40
435 40
436 40
437 40
438 40
439 40
440 40
441 40
442 40
443 40
444 40
445 40
446 40
447 40
448 40
449 40
450 40
451 40
452 40
453 40
454 40
455 40
456 40
457 40
458 40
459 40
460 40
461 40
462 40
463 40
464 40
465 40
466 40
467 41
468 41
469 41
470 41
471 41
472 41
473 41
474 41
475 41
476 41
477 41
478 41
479 41
480 41
481 41
482 41
483 41
484 41
485 41
486 41
487 41
488 41
489 41
490 41
491 41
492 41
493 41
494 41
495 41
496 41
497 41
498 41
499 41
500 41
501 41
502 41
503 41
504 41
505 41
506 41
507 41
508 41
509 41
510 41
511 41
512 41
513 41
514 41
515 41
516 41
517 41
518 41
519 41
520 41
521 41
522 41
523 41
524 41
525 41
526 41
527 41
528 41
529 41
530 41
531 41
532 41
533 41
534 41
535 41
536 41
537 41
538 41
539 41
540 41
541 39
542 39
543 39
544 39
545 39
546 39
547 39
548 39
549 39
550 39
551 39
552 39
553 39
554 39
555 39
556 39
557 39
558 39
559 39
560 39
561 39
562 39
563 39
564 39
565 39
566 39
567 39
568 39
569 39
570 39
571 39
572 39
573 39
574 39
575 39
576 39
577 39
578 39
579 39
580 39
581 39
582 39
583 39
584 39
585 39
586 39
587 39
588 39
589 39
590 39
591 39
592 39
593 39
594 39
595 39
596 39
597 39
598 39
599 39
600 39
601 39
602 39
603 39
604 39
605 39
606 39
607 39
608 39
609 39
610 39
611 39
612 39
613 39
614 39
615 0
616 0
617 0
618 0
619 0
620 0
621 0
622 0
623 0
624 0
625 0
626 0
627 0
628 0
629 0
630 0
631 0
632 0
633 0
634 0
635 0
636 0
637 0
638 0
639 0
640 0
641 0
642 0
643 0
644 0
645 0
646 0
647 0
648 0
649 0
650 0
651 0
652 0
653 0
654 0
655 0
656 0
657 0
658 0
659 0
660 0
661 0
662 0
663 0
664 0
665 0
666 0
667 0
668 0
669 0
670 0
671 0
672 0
673 0
674 0
675 0
676 0
677 0
678 0
679 0
680 0
681 0
682 0
683 0
684 0
685 0
686 0
687 0
688 0
689 0
690 0
691 0
692 0
693 0
694 0
695 0
696 0
697 0
698 0
699 0
700 0
701 0
702 0
703 0
704 0
705 0
706 0
707 0
708 0
709 0
710 0
711 0
712 0
713 0
714 0
715 0
716 0
717 0
718 0
719 0
720 0
721 0
722 0
723 0
724 0
725 0
726 0
727 0
728 0
729 0
730 0
731 0
732 0
733 0
734 0
735 0
736 0
737 0
738 0
739 0
740 0
741 0
742 0
743 0
744 0
745 0
746 0
747 0
748 0
749 0
750 0
751 0
752 0
753 0
754 0
755 0
756 0
757 0
758 0
759 0
760 0
761 0
762 0
763 0
764 0
765 0
766 0
767 0
768 0
769 0
770 0
771 0
772 0
773 0
774 0
775 0
776 0
777 0
778 0
779 0
780 0
781 0
782 0
783 0
784 0
785 0
786 0
787 0
788 0
789 0
790 0
791 0
792 0
793 0
794 0
795 0
796 0
797 0
798 0
799 0
800 0
801 0
802 0
803 0
804 0
805 0
806 0
807 0
808 0
809 0
810 0
811 0
812 0
813 0
814 0
815 0
816 0
817 0
818 0
819 0
820 0
821 0
822 0
823 0
824 0
825 0
826 0
827 0
828 0
829 0
830 0
831 0
832 0
833 0
834 0
835 0
836 0
837 0
838 0
839 0
840 0
841 0
842 0
843 0
844 0
845 0
846 0
847 0
848 0
849 0
850 0
851 0
852 0
853 0
854 0
855 0
856 0
857 0
858 0
859 0
860 0
861 0
862 0
863 0
864 0
865 0
866 0
867 0
868 0
869 0
870 0
871 0
872 0
873 0
874 0
875 0
876 0
877 0
878 0
879 0
880 0
881 0
882 0
883 0
884 0
885 0
886 0
887 0
888 0
889 0
890 0
891 0
892 0
893 0
894 0
895 0
896 0
897 0
898 0
899 0
900 0
901 0
902 0
903 0
904 0
905 0
906 0
907 0
908 0
909 0
910 0
911 0
912 0
913 0
914 0
915 0
916 0
917 0
918 0
919 0
920 0
921 0
922 0
923 0
924 0
925 0
926 0
927 0
928 0
929 0
930 0
931 0
932 0
933 0
934 0
935 0
936 0
937 0
938 0
939 0
940 0
941 0
942 0
943 0
944 0
945 0
946 0
947 0
948 0
949 0
950 0
951 0
952 0
953 0
954 0
955 0
956 0
957 0
958 0
959 0
960 0
961 0
962 0
963 0
964 0
965 0
966 0
967 0
968 0
969 0
970 0
971 0
972 0
973 0
974 0
975 0
976 0
977 0
978 0
979 0
980 0
981 0
982 0
983 0
984 0
985 0
986 0
987 0
988 0
989 0
990 0
991 0
992 0
993 0
994 0
995 0
996 0
997 0
998 0
999 0
1000 0
1001 0
1002 0
1003 0
1004 0
1005 0
1006 0
1007 0
1008 0
1009 0
1010 0
1011 0
1012 0
1013 0
1014 0
1015 0
1016 0
1017 0
1018 0
1019 0
1020 0
1021 0
1022 0
1023 0
1024 0
1025 0
1026 0
1027 0
1028 0
1029 0
1030 0
1031 0
1032 0
1033 0
1034 0
1035 0
1036 0
1037 28
1038 28
1039 28
1040 28
1041 28
1042 28
1043 28
1044 28
1045 28
1046 28
1047 28
1048 28
1049 28
1050 28
1051 28
1052 28
1053 28
1054 28
1055 28
1056 28
1057 28
1058 28
1059 28
1060 28
1061 28
1062 28
1063 28
1064 28
1065 28
1066 28
1067 28
1068 28
1069 28
1070 28
1071 28
1072 28
1073 28
1074 28
1075 28
1076 28
1077 28
1078 28
1079 28
1080 28
1081 28
1082 28
1083 28
1084 28
1085 28
1086 28
1087 28
1088 28
1089 28
1090 28
1091 28
1092 28
1093 28
1094 28
1095 28
1096 28
1097 28
1098 28
1099 28
1100 28
1101 28
1102 28
1103 28
1104 28
1105 28
1106 28
1107 28
1108 28
1109 28
1110 28
1111 26
1112 26
1113 26
1114 26
1115 26
1116 26
1117 26
1118 26
1119 26
1120 26
1121 26
1122 26
1123 26
1124 26
1125 26
1126 26
1127 26
1128 26
1129 26
1130 26
1131 26
1132 26
1133 26
1134 26
1135 26
1136 26
1137 26
1138 26
1139 26
1140 26
1141 26
1142 26
1143 26
1144 26
1145 26
1146 26
1147 26
1148 26
1149 26
1150 26
1151 26
1152 26
1153 26
1154 26
1155 26
1156 26
1157 26
1158 26
1159 26
1160 26
1161 26
1162 26
1163 26
1164 26
1165 26
1166 26
1167 26
1168 26
1169 26
1170 26
1171 26
1172 26
1173 26
1174 26
1175 26
1176 26
1177 26
1178 26
1179 26
1180 26
1181 26
1182 26
1183 26
1184 26
1185 27
1186 27
1187 27
1188 27
1189 27
1190 27
1191 27
1192 27
1193 27
1194 27
1195 27
1196 27
1197 27
1198 27
1199 27
1200 27
1201 27
1202 27
1203 27
1204 27
1205 27
1206 27
1207 27
1208 27
1209 27
1210 27
1211 27
1212 27
1213 27
1214 27
1215 27
1216 27
1217 27
1218 27
1219 27
1220 27
1221 27
1222 27
1223 27
1224 27
1225 27
1226 27
1227 27
1228 27
1229 27
1230 27
1231 27
1232 27
1233 27
1234 27
1235 27
1236 27
1237 27
1238 27
1239 27
1240 27
1241 27
1242 27
1243 27
1244 27
1245 27
1246 27
1247 27
1248 27
1249 27
1250 27
1251 27
1252 27
1253 27
1254 27
1255 27
1256 27
1257 27
1258 27
1259 12
1260 12
1261 0
1262 0
1263 0
1264 0
1265 16
1266 16
1267 16
1268 16
1269 16
1270 16
1271 16
1272 16
1273 16
1274 16
1275 16
1276 16
1277 16
1278 16
1279 16
1280 16
1281 36
1282 36
1283 36
1284 36
1285 36
1286 36
1287 36
1288 36
1289 36
1290 36
1291 36
1292 36
1293 36
1294 36
1295 36
1296 36
1297 36
1298 36
1299 36
1300 36
1301 36
1302 36
1303 36
1304 36
1305 36
1306 36
1307 36
1308 36
1309 36
1310 36
1311 36
1312 36
1313 36
1314 36
1315 36
1316 36
1317 36
1318 36
1319 36
1320 36
1321 36
1322 36
1323 36
1324 36
1325 36
1326 36
1327 36
1328 36
1329 36
1330 36
1331 36
1332 36
1333 36
1334 36
1335 36
1336 36
1337 36
1338 36
1339 36
1340 36
1341 36
1342 36
1343 36
1344 36
1345 36
1346 36
1347 36
1348 36
1349 36
1350 36
1351 36
1352 36
1353 36
1354 36
1355 0
1356 0
1357 0
1358 0
1359 0
1360 0
1361 0
1362 0
1363 0
1364 0
1365 0
1366 0
1367 0
1368 0
1369 0
1370 0
1371 0
1372 0
1373 0
1374 0
1375 0
1376 0
1377 0
1378 0
1379 0
1380 0
1381 0
1382 0
1383 0
1384 0
1385 0
1386 0
1387 0
1388 0
1389 0
1390 0
1391 0
1392 0
1393 0
1394 0
1395 0
1396 0
1397 0
1398 0
1399 0
1400 0
1401 0
1402 0
1403 0
1404 0
1405 0
1406 0
1407 0
1408 0
1409 0
1410 0
1411 0
1412 0
1413 0
1414 0
1415 0
1416 0
1417 0
1418 0
1419 0
1420 0
1421 0
1422 0
1423 0
1424 0
1425 0
1426 0
1427 0
1428 0
1429 7
1430 7
1431 7
1432 7
1433 7
1434 7
1435 7
1436 7
1437 7
1438 7
1439 7
1440 7
1441 7
1442 7
1443 7
1444 7
1445 7
1446 7
1447 7
1448 7
1449 7
1450 7
1451 7
1452 7
1453 7
1454 7
1455 7
1456 7
1457 7
1458 7
1459 7
1460 7
1461 7
1462 7
1463 7
1464 7
1465 7
1466 7
1467 7
1468 7
1469 7
1470 7
1471 7
1472 7
1473 7
1474 7
1475 7
1476 7
1477 7
1478 7
1479 7
1480 7
1481 7
1482 7
1483 0
1484 7
1485 7
1486 7
1487 7
1488 7
1489 7
1490 7
1491 7
1492 7
1493 7
1494 7
1495 7
1496 7
1497 7
1498 7
1499 7
1500 7
1501 7
1502 7
1503 7
1504 7
1505 7
1506 7
1507 7
1508 7
1509 7
1510 7
1511 7
1512 7
1513 7
1514 7
1515 7
1516 7
1517 7
1518 7
1519 7
1520 7
1521 7
1522 7
1523 7
1524 7
1525 7
1526 7
1527 7
1528 7
1529 7
1530 7
1531 7
1532 7
1533 7
1534 7
1535 7
1536 7
1537 7
1538 7
1539 7
1540 7
1541 7
1542 7
1543 7
1544 7
1545 7
1546 7
1547 7
1548 7
1549 7
1550 7
1551 7
1552 7
1553 7
1554 7
1555 7
1556 7
1557 7
1558 7
1559 7
1560 7
1561 7
1562 7
1563 7
1564 7
1565 7
1566 7
1567 7
1568 7
1569 7
1570 7
1571 7
1572 7
1573 7
1574 7
1575 7
1576 7
1577 7
1578 7
1579 7
1580 7
1581 7
1582 7
1583 7
1584 7
1585 7
1586 7
1587 7
1588 7
1589 7
1590 7
1591 7
1592 7
1593 7
1594 7
1595 7
1596 7
1597 7
1598 7
1599 7
1600 7
1601 7
1602 7
1603 7
1604 7
1605 7
1606 7
1607 7
1608 7
1609 7
1610 7
1611 7
1612 7
1613 7
1614 7
1615 7
1616 7
1617 7
1618 7
1619 7
1620 0
1621 0
1622 0
1623 0
1624 0
1625 0
1626 0
1627 0
1628 0
1629 0
1630 0
1631 0
1632 0
1633 0
1634 0
1635 0
1636 0
1637 0
1638 0
1639 0
1640 0
1641 0
1642 0
1643 0
1644 0
1645 0
1646 0
1647 0
1648 0
1649 0
1650 0
1651 0
1652 0
1653 0
1654 0
1655 0
1656 0
1657 0
1658 0
1659 0
1660 0
1661 0
1662 0
1663 0
1664 0
1665 0
1666 0
1667 0
1668 0
1669 0
1670 0
1671 0
1672 0
1673 0
1674 0
1675 0
1676 0
1677 0
1678 0
1679 0
1680 0
1681 0
1682 0
1683 0
1684 0
1685 0
1686 0
1687 0
1688 0
1689 0
1690 0
1691 0
1692 0
1693 0
1694 0
1695 0
1696 0
1697 0
1698 0
1699 0
1700 0
1701 0
1702 0
1703 0
1704 0
1705 0
1706 0
1707 0
1708 0
1709 0
1710 0
1711 0
1712 0
1713 0
1714 0
1715 0
1716 0
1717 0
1718 0
1719 0
1720 0
1721 0
1722 0
1723 0
1724 0
1725 0
1726 0
1727 0
1728 0
1729 0
1730 0
1731 0
1732 0
1733 0
1734 0
1735 0
1736 0
1737 0
1738 0
1739 0
1740 0
1741 0
1742 0
1743 0
1744 0
1745 0
1746 0
1747 0
1748 0
1749 0
1750 0
1751 0
1752 0
1753 0
1754 0
1755 0
1756 0
1757 0
1758 0
1759 0
1760 0
1761 0
1762 0
1763 0
1764 0
1765 0
1766 0
1767 0
1768 0
1769 0
1770 0
1771 0
1772 0
1773 0
1774 0
1775 0
1776 0
1777 0
1778 0
1779 0
1780 0
1781 0
1782 0
1783 0
1784 0
1785 0
1786 0
1787 0
1788 0
1789 0
1790 0
1791 0
1792 0
1793 0
1794 0
1795 0
1796 0
1797 0
1798 0
1799 0
1800 0
1801 0
1802 0
1803 0
1804 0
1805 0
1806 0
1807 0
1808 0
1809 0
1810 0
1811 0
1812 0
1813 0
1814 0
1815 0
1816 0
1817 0
1818 0
1819 0
1820 0
1821 0
1822 0
1823 0
1824 0
1825 0
1826 0
1827 0
1828 0
1829 0
1830 0
1831 0
1832 0
1833 0
1834 31
1835 31
1836 31
1837 31
1838 31
1839 31
1840 31
1841 31
1842 31
1843 31
1844 31
1845 31
1846 31
1847 31
1848 31
1849 31
1850 31
1851 31
1852 31
1853 31
1854 31
1855 31
1856 31
1857 31
1858 31
1859 31
1860 31
1861 31
1862 31
1863 31
1864 31
1865 31
1866 31
1867 31
1868 31
1869 29
1870 29
1871 29
1872 29
1873 29
1874 29
1875 29
1876 29
1877 29
1878 29
1879 29
1880 29
1881 29
1882 29
1883 29
1884 29
1885 29
1886 29
1887 29
1888 29
1889 29
1890 29
1891 29
1892 29
1893 29
1894 29
1895 29
1896 29
1897 29
1898 29
1899 29
1900 29
1901 29
1902 29
1903 29
1904 30
1905 30
1906 30
1907 30
1908 30
1909 30
1910 30
1911 30
1912 30
1913 30
1914 30
1915 30
1916 30
1917 30
1918 30
1919 30
1920 30
1921 30
1922 30
1923 30
1924 30
1925 30
1926 30
1927 30
1928 30
1929 30
1930 30
1931 30
1932 30
1933 30
1934 30
1935 30
1936 30
1937 30
1938 30
1939 0
1940 0
1941 0
1942 0
1943 0
1944 0
1945 0
1946 0
1947 0
1948 0
1949 0
1950 0
1951 0
1952 0
1953 0
1954 18
1955 0
1956 0
1957 0
1958 0
1959 18
1960 18
1961 18
1962 18
1963 18
1964 18
1965 18
1966 18
1967 18
1968 18
1969 18
1970 18
1971 18
1972 18
1973 18
1974 18
1975 18
1976 18
1977 18
1978 18
1979 18
1980 18
1981 18
1982 18
1983 18
1984 18
1985 18
1986 18
1987 18
1988 18
1989 18
1990 18
1991 18
1992 18
1993 18
1994 18
1995 18
1996 18
1997 18
1998 18
1999 18
2000 18
2001 18
2002 18
2003 18
2004 18
2005 18
2006 18
2007 18
2008 18
2009 18
2010 18
2011 18
2012 18
2013 18
2014 18
2015 18
2016 18
2017 18
2018 18
2019 18
2020 18
2021 18
2022 18
2023 18
2024 18
2025 0
2026 0
2027 0
2028 0
2029 0
2030 0
2031 0
2032 0
2033 0
2034 0
2035 0
2036 0
2037 0
2038 0
2039 0
2040 0
2041 0
2042 0
2043 0
2044 0
2045 0
2046 0
2047 0
2048 0
2049 0
2050 0
2051 18
2052 18
2053 18
2054 18
2055 18
2056 18
2057 18
2058 18
2059 18
2060 18
2061 18
2062 18
2063 18
2064 18
2065 18
2066 18
2067 18
2068 18
2069 18
2070 18
2071 18
2072 0
2073 0
2074 0
2075 18
2076 18
2077 18
2078 18
2079 18
2080 18
2081 18
2082 18
2083 18
2084 18
2085 18
2086 18
2087 18
2088 18
2089 18
2090 18
2091 18
2092 18
2093 18
2094 18
2095 18
2096 18
2097 18
2098 18
2099 18
2100 18
2101 18
2102 18
2103 18
2104 18
2105 0
2106 18
2107 18
2108 18
2109 18
2110 18
2111 18
2112 21
2113 0
2114 0
2115 0
2116 0
2117 0
2118 0
2119 18
2120 18
2121 18
2122 18
2123 18
2124 18
2125 18
2126 18
2127 18
2128 18
2129 18
2130 18
2131 18
2132 18
2133 18
2134 18
2135 18
2136 18
2137 18
2138 18
2139 18
2140 18
2141 18
2142 18
2143 18
2144 18
2145 18
2146 18
2147 18
2148 18
2149 18
2150 18
2151 18
2152 18
2153 18
2154 18
2155 18
2156 18
2157 18
2158 18
2159 18
2160 18
2161 18
2162 18
2163 18
2164 18
2165 18
2166 18
2167 18
2168 18
2169 18
2170 18
2171 18
2172 18
2173 18
2174 18
2175 18
2176 18
2177 18
2178 18
2179 18
2180 18
2181 18
2182 18
2183 18
2184 18
2185 18
2186 18
2187 18
2188 18
2189 18
2190 18
2191 18
2192 18
2193 18
2194 18
2195 18
2196 18
2197 18
2198 18
2199 18
2200 18
2201 18
2202 18
2203 18
2204 18
2205 18
2206 18
2207 18
2208 18
2209 18
2210 18
2211 18
2212 18
2213 18
2214 18
2215 18
2216 18
2217 18
2218 18
2219 18
2220 18
2221 0
2222 0
2223 18
2224 18
2225 18
2226 18
2227 18
2228 18
2229 18
2230 18
2231 18
2232 18
2233 18
2234 18
2235 18
2236 18
2237 18
2238 18
2239 18
2240 18
2241 18
2242 18
2243 18
2244 18
2245 18
2246 18
2247 18
2248 18
2249 18
2250 18
2251 18
2252 18
2253 18
2254 18
2255 18
2256 18
2257 18
2258 18
2259 18
2260 18
2261 18
2262 18
2263 18
2264 18
2265 18
2266 18
2267 18
2268 18
2269 18
2270 18
2271 18
2272 18
2273 18
2274 18
2275 18
2276 18
2277 18
2278 18
2279 18
2280 18
2281 18
2282 18
2283 18
2284 18
2285 18
2286 18
2287 18
2288 18
2289 18
2290 18
2291 18
2292 18
2293 18
2294 18
2295 18
2296 18
2297 18
2298 18
2299 18
2300 18
2301 18
2302 18
2303 18
2304 18
2305 18
2306 18
2307 18
2308 18
2309 18
2310 18
2311 18
2312 18
2313 18
2314 18
2315 18
2316 18
2317 18
2318 18
2319 18
2320 18
2321 18
2322 18
2323 18
2324 18
2325 18
2326 18
2327 18
2328 18
2329 18
2330 18
2331 18
2332 18
2333 18
2334 18
2335 18
2336 18
2337 18
2338 18
2339 18
2340 18
2341 18
2342 18
2343 18
2344 18
2345 18
2346 18
2347 18
2348 18
2349 18
2350 18
2351 18
2352 18
2353 18
2354 18
2355 18
2356 18
2357 18
2358 18
2359 18
2360 18
2361 18
2362 18
2363 18
2364 18
2365 18
2366 18
2367 18
2368 18
2369 18
2370 18
2371 18
2372 18
2373 18
2374 18
2375 18
2376 18
2377 18
2378 18
2379 18
2380 18
2381 18
2382 18
2383 18
2384 18
2385 18
2386 18
2387 18
2388 18
2389 18
2390 18
2391 18
2392 18
2393 18
2394 18
2395 18
2396 18
2397 18
2398 18
2399 18
2400 18
2401 18
2402 18
2403 18
2404 18
2405 18
2406 18
2407 18
2408 18
2409 18
2410 18
2411 18
2412 18
2413 18
2414 18
2415 18
2416 18
2417 18
2418 18
2419 18
2420 18
2421 18
2422 18
2423 18
2424 18
2425 18
2426 18
2427 18
2428 18
2429 18
2430 18
2431 18
2432 18
2433 18
2434 18
2435 18
2436 18
2437 18
2438 18
2439 18
2440 17
2441 17
2442 17
2443 17
2444 17
2445 17
2446 17
2447 17
2448 17
2449 17
2450 17
2451 17
2452 17
2453 17
2454 17
2455 17
2456 0
2457 0
2458 0
2459 0
2460 0
2461 0
2462 0
2463 0
2464 0
2465 0
2466 0
2467 0
2468 0
2469 0
2470 0
2471 0
2472 0
2473 0
2474 0
2475 0
2476 0
2477 0
2478 0
2479 0
2480 0
2481 0
2482 0
2483 0
2484 0
2485 0
2486 0
2487 0
2488 0
2489 0
2490 0
2491 0
2492 0
2493 0
2494 0
2495 0
2496 0
2497 0
2498 0
2499 0
2500 0
2501 0
2502 0
2503 0
2504 0
2505 0
2506 0
2507 0
2508 0
2509 0
2510 0
2511 0
2512 0
2513 0
2514 0
2515 0
2516 0
2517 0
2518 0
2519 0
2520 0
2521 0
2522 0
2523 0
2524 0
2525 0
2526 0
2527 0
2528 0
2529 0
2530 0
2531 0
2532 0
2533 0
2534 0
2535 0
2536 0
2537 0
2538 0
2539 0
2540 0
2541 0
2542 0
2543 0
2544 0
2545 0
2546 0
2547 0
2548 0
2549 0
2550 0
2551 0
2552 0
2553 0
2554 0
2555 0
2556 0
2557 0
2558 0
2559 0
2560 0
2561 0
2562 0
2563 0
2564 0
2565 0
2566 0
2567 0
2568 0
2569 0
2570 0
2571 0
2572 0
2573 0
2574 0
2575 0
2576 0
2577 0
2578 0
2579 0
2580 0
2581 0
2582 0
2583 0
2584 0
2585 0
2586 0
2587 0
2588 0
2589 0
2590 0
2591 0
2592 0
2593 0
2594 0
2595 0
2596 0
2597 0
2598 0
2599 0
2600 0
2601 0
2602 0
2603 0
2604 0
2605 0
2606 0
2607 0
2608 0
2609 0
2610 0
2611 0
2612 0
2613 0
2614 0
2615 0
2616 0
2617 0
2618 0
2619 0
2620 0
2621 0
2622 0
2623 0
2624 0
2625 0
2626 0
2627 0
2628 0
2629 0
2630 0
2631 0
2632 0
2633 0
2634 0
2635 0
2636 0
2637 0
2638 0
2639 0
2640 0
2641 0
2642 0
2643 0
2644 0
2645 0
2646 0
2647 0
2648 0
2649 0
2650 0
2651 0
2652 0
2653 0
2654 0
2655 0
2656 0
2657 0
2658 0
2659 0
2660 0
2661 0
2662 0
2663 0
2664 0
2665 0
2666 0
2667 0
2668 0
2669 0
2670 0
2671 0
2672 0
2673 0
2674 0
2675 0
2676 0
2677 0
2678 0
2679 0
2680 0
2681 0
2682 0
2683 0
2684 0
2685 0
2686 0
2687 0
2688 0
2689 0
2690 0
2691 0
2692 0
2693 0
2694 0
2695 0
2696 0
2697 0
2698 0
2699 0
2700 0
2701 0
2702 0
2703 0
2704 0
2705 0
2706 0
2707 0
2708 0
2709 0
2710 0
2711 0
2712 0
2713 0
2714 0
2715 0
2716 0
2717 0
2718 0
2719 0
2720 0
2721 0
2722 0
2723 0
2724 0
2725 0
2726 0
2727 0
2728 0
2729 0
2730 0
2731 0
2732 0
2733 0
2734 0
2735 0
2736 0
2737 0
2738 0
2739 0
2740 0
2741 0
2742 0
2743 0
2744 0
2745 0
2746 0
2747 0
2748 0
2749 0
2750 0
2751 0
2752 0
2753 0
2754 0
2755 0
2756 0
2757 8
2758 8
2759 8
2760 8
2761 8
2762 8
2763 8
2764 8
2765 8
2766 8
2767 8
2768 4
2769 4
2770 4
2771 4
2772 4
2773 4
2774 4
2775 4
2776 4
2777 4
2778 4
2779 4
2780 4
2781 4
2782 4
2783 4
2784 4
2785 4
2786 4
2787 4
2788 4
2789 4
2790 4
2791 4
2792 4
2793 4
2794 4
2795 4
2796 4
2797 4
2798 4
2799 4
2800 4
2801 4
2802 4
2803 4
2804 4
2805 4
2806 4
2807 4
2808 4
2809 4
2810 4
2811 4
2812 4
2813 4
2814 4
2815 4
2816 4
2817 4
2818 4
2819 4
2820 4
2821 4
2822 4
2823 4
2824 4
2825 4
2826 4
2827 4
2828 4
2829 4
2830 4
2831 4
2832 4
2833 4
2834 4
2835 4
2836 4
2837 4
2838 4
2839 4
2840 4
2841 4
2842 4
2843 4
2844 4
2845 4
2846 4
2847 4
2848 4
2849 4
2850 4
2851 4
2852 4
2853 4
2854 4
2855 4
2856 4
2857 4
2858 4
2859 4
2860 4
2861 4
2862 4
2863 4
2864 4
2865 4
2866 4
2867 4
2868 4
2869 4
2870 4
2871 4
2872 4
2873 4
2874 4
2875 4
2876 4
2877 4
2878 4
2879 4
2880 4
2881 4
2882 4
2883 4
2884 4
2885 4
2886 4
2887 4
2888 4
2889 4
2890 1
2891 1
2892 1
2893 1
2894 35
2895 35
2896 35
2897 35
2898 35
2899 35
2900 35
2901 35
2902 35
2903 35
2904 35
2905 35
2906 35
2907 35
2908 35
2909 35
2910 35
2911 35
2912 35
2913 35
2914 35
2915 35
2916 35
2917 35
2918 35
2919 35
2920 35
2921 35
2922 35
2923 35
2924 35
2925 35
2926 35
2927 35
2928 35
2929 35
2930 35
2931 35
2932 35
2933 35
2934 35
2935 35
2936 35
2937 35
2938 35
2939 35
2940 35
2941 35
2942 35
2943 35
2944 35
2945 35
2946 35
2947 35
2948 35
2949 35
2950 35
2951 35
2952 35
2953 35
2954 35
2955 35
2956 35
2957 35
2958 35
2959 35
2960 2
2961 2
2962 2
2963 2
2964 2
2965 2
2966 2
2967 2
2968 2
2969 2
2970 2
2971 2
2972 2
2973 2
2974 2
2975 2
2976 2
2977 2
2978 2
2979 2
2980 2
2981 2
2982 2
2983 2
2984 2
2985 2
2986 2
2987 2
2988 2
2989 2
2990 2
2991 2
2992 2
2993 2
2994 2
2995 2
2996 2
2997 2
2998 2
2999 2
3000 2
3001 2
3002 2
3003 2
3004 2
3005 37
3006 37
3007 37
3008 37
3009 37
3010 37
3011 37
3012 37
3013 37
3014 37
3015 37
3016 37
3017 37
3018 37
3019 37
3020 37
3021 37
3022 37
3023 37
3024 37
3025 37
3026 37
3027 37
3028 37
3029 37
3030 37
3031 37
3032 37
3033 37
3034 37
3035 37
3036 37
3037 37
3038 37
3039 37
3040 37
3041 37
3042 37
3043 37
3044 37
3045 37
3046 37
3047 37
3048 37
3049 37
3050 37
3051 37
3052 37
3053 37
3054 37
3055 37
3056 37
3057 37
3058 37
3059 37
3060 37
3061 37
3062 37
3063 37
3064 37
3065 37
3066 37
3067 0
3068 0
3069 0
3070 0
3071 0
3072 0
3073 0
3074 0
3075 0
3076 0
3077 0
3078 0
3079 0
3080 0
3081 0
3082 0
3083 0
3084 0
3085 0
3086 0
3087 0
3088 0
3089 0
3090 0
3091 0
3092 0
3093 0
3094 0
3095 0
3096 0
3097 0
3098 0
3099 0
3100 0
3101 0
3102 0
3103 0
3104 0
3105 0
3106 0
3107 0
3108 0
3109 0
3110 0
3111 0
3112 0
3113 0
3114 19
3115 19
3116 19
3117 19
3118 19
3119 19
3120 19
3121 19
3122 19
3123 19
3124 19
3125 19
3126 19
3127 19
3128 19
3129 19
3130 19
3131 19
3132 19
3133 19
3134 19
3135 19
3136 19
3137 19
3138 19
3139 19
3140 19
3141 19
3142 19
3143 19
3144 19
3145 19
3146 19
3147 19
3148 19
3149 19
3150 19
3151 19
3152 19
3153 19
3154 19
3155 19
3156 19
3157 19
3158 19
3159 20
3160 20
3161 20
3162 20
3163 20
3164 0
3165 0
3166 0
3167 0
3168 0
3169 0
3170 0
3171 0
3172 0
3173 0
3174 0
3175 0
3176 0
3177 0
3178 0
3179 0
3180 0
3181 0
3182 0
3183 19
3184 19
3185 19
3186 19
3187 19
3188 0
3189 20
3190 20
3191 20
3192 20
3193 22
3194 22
3195 22
3196 22
3197 22
3198 22
3199 0
3200 0
3201 0
3202 0
3203 0
3204 0
3205 0
3206 0
3207 0
3208 0
3209 0
3210 0
3211 0
3212 0
3213 0
3214 0
3215 0
3216 0
3217 0
3218 20
3219 20
3220 20
3221 20
3222 20
3223 20
3224 20
3225 20
3226 22
3227 22
3228 22
3229 22
3230 22
3231 22
3232 22
3233 22
3234 22
3235 22
3236 22
3237 22
3238 22
3239 22
3240 22
3241 22
3242 22
3243 22
3244 22
3245 22
3246 22
3247 22
3248 22
3249 22
3250 22
3251 22
3252 22
3253 22
3254 22
3255 22
3256 22
3257 22
3258 22
3259 22
3260 22
3261 22
3262 22
3263 22
3264 22
3265 22
3266 22
3267 22
3268 22
3269 22
3270 22
3271 21
3272 21
3273 21
3274 21
3275 21
3276 0
3277 0
3278 0
3279 0
3280 0
3281 0
3282 0
3283 0
3284 0
3285 0
3286 0
3287 0
3288 0
3289 0
3290 0
3291 0
3292 0
3293 0
3294 0
3295 22
3296 22
3297 22
3298 22
3299 22
3300 0
3301 21
3302 21
3303 21
3304 21
3305 19
3306 19
3307 19
3308 19
3309 19
3310 19
3311 0
3312 0
3313 0
3314 0
3315 0
3316 0
3317 0
3318 0
3319 0
3320 0
3321 0
3322 0
3323 0
3324 0
3325 0
3326 0
3327 0
3328 0
3329 0
3330 21
3331 21
3332 21
3333 21
3334 21
3335 21
3336 21
3337 21
3338 38
3339 38
3340 38
3341 38
3342 38
3343 38
3344 38
3345 38
3346 38
3347 38
3348 38
3349 38
3350 38
3351 38
3352 38
3353 38
3354 38
3355 38
3356 38
3357 38
3358 38
3359 38
3360 38
3361 38
3362 38
3363 38
3364 38
3365 38
3366 38
3367 38
3368 38
3369 38
3370 38
3371 38
3372 38
3373 38
3374 38
3375 38
3376 38
3377 38
3378 38
3379 38
3380 38
3381 38
3382 38
3383 38
3384 38
3385 38
3386 38
3387 38
3388 38
3389 38
3390 38
3391 38
3392 38
3393 38
3394 38
3395 38
3396 38
3397 38
3398 38
3399 38
3400 38
3401 38
3402 38
3403 38
3404 38
3405 38
3406 38
3407 38
3408 38
3409 38
3410 38
3411 38
3412 38
3413 38
3414 38
3415 38
3416 38
3417 38
3418 38
3419 38
3420 0
3421 0
3422 0
3423 0
3424 0
3425 0
3426 0
3427 0
3428 0
3429 0
3430 0
3431 0
3432 0
3433 0
3434 0
3435 0
3436 0
3437 0
3438 0
3439 0
3440 0
3441 0
3442 0
3443 0
3444 0
3445 0
3446 0
3447 0
3448 0
3449 0
3450 0
3451 0
3452 0
3453 0
3454 0
3455 0
3456 0
3457 0
3458 0
3459 0
3460 0
3461 0
3462 0
3463 0
3464 0
3465 0
3466 0
3467 0
3468 0
3469 0
3470 0
3471 0
3472 0
3473 0
3474 0
3475 0
3476 0
3477 0
3478 0
3479 0
3480 0
3481 0
3482 0
3483 0
3484 0
3485 0
3486 0
3487 0
3488 0
3489 0
3490 0
3491 0
3492 0
3493 0
3494 0
3495 0
3496 0
3497 0
3498 0
3499 0
3500 0
3501 0
3502 0
3503 0
3504 0
3505 0
3506 0
3507 0
3508 0
3509 0
3510 0
3511 0
3512 0
3513 0
3514 0
3515 0
3516 0
3517 0
3518 0
3519 0
3520 0
3521 0
3522 0
3523 0
3524 0
3525 0
3526 0
3527 0
3528 0
3529 0
3530 0
3531 0
3532 0
3533 0
3534 0
3535 0
3536 0
3537 0
3538 0
3539 0
3540 0
3541 0
3542 0
3543 0
3544 0
3545 0
3546 0
3547 0
3548 0
3549 0
3550 0
3551 0
3552 0
3553 0
3554 0
3555 0
3556 0
3557 0
3558 0
3559 0
3560 0
3561 0
3562 0
3563 0
3564 0
3565 0
3566 0
3567 0
3568 0
3569 0
3570 0
3571 0
3572 0
3573 0
3574 0
3575 0
3576 0
3577 0
3578 0
3579 0
3580 0
3581 0
3582 0
3583 0
3584 0
3585 0
3586 0
3587 0
3588 0
3589 0
3590 0
3591 0
3592 0
3593 0
3594 0
3595 0
3596 0
3597 0
3598 0
3599 0
3600 0
3601 0
3602 0
3603 0
3604 0
3605 0
3606 0
3607 0
3608 0
3609 0
3610 0
3611 0
3612 0
3613 0
3614 0
3615 0
3616 0
3617 0
3618 0
3619 0
3620 0
3621 0
3622 0
3623 0
3624 0
3625 0
3626 0
3627 0
3628 0
3629 0
3630 0
3631 0
3632 0
3633 0
3634 0
3635 0
3636 0
3637 0
3638 0
3639 0
3640 0
3641 0
3642 0
3643 0
3644 0
3645 0
3646 0
3647 0
3648 0
3649 0
3650 0
3651 0
3652 0
3653 0
3654 0
3655 0
3656 0
3657 0
3658 0
3659 0
3660 0
3661 0
3662 0
3663 0
3664 0
3665 0
3666 0
3667 0
3668 0
3669 0
3670 0
3671 0
3672 0
3673 0
3674 0
3675 0
3676 0
3677 0
3678 0
3679 0
3680 0
3681 0
3682 0
3683 0
3684 0
3685 0
3686 0
3687 0
3688 0
3689 0
3690 0
3691 0
3692 0
3693 0
3694 0
3695 0
3696 0
3697 0
3698 0
3699 0
3700 0
3701 0
3702 0
3703 0
3704 0
3705 0
3706 0
3707 0
3708 0
3709 0
3710 0
3711 0
3712 0
3713 0
3714 0
3715 0
3716 0
3717 0
3718 0
3719 0
3720 0
3721 0
3722 0
3723 0
3724 0
3725 0
3726 0
3727 0
3728 0
3729 0
3730 0
3731 0
3732 0
3733 0
3734 0
3735 0
3736 0
3737 0
3738 0
3739 0
3740 0
3741 0
3742 0
3743 0
3744 0
3745 0
3746 0
3747 0
3748 0
3749 0
3750 0
3751 0
3752 0
3753 0
3754 0
3755 0
3756 0
3757 0
3758 0
3759 0
3760 0
3761 0
3762 0
3763 0
3764 0
3765 0
3766 0
3767 0
3768 0
3769 0
3770 0
3771 0
3772 0
3773 0
3774 0
3775 0
3776 0
3777 0
3778 0
3779 0
3780 0
3781 0
3782 0
3783 0
3784 0
3785 0
3786 0
3787 0
3788 0
3789 0
3790 0
3791 0
3792 0
3793 0
3794 0
3795 0
3796 0
3797 0
3798 0
3799 0
3800 0
3801 0
3802 0
3803 0
3804 0
3805 0
3806 0
3807 0
3808 0
3809 0
3810 0
3811 0
3812 0
3813 0
3814 0
3815 0
3816 0
3817 0
3818 0
3819 0
3820 0
3821 0
3822 0
3823 0
3824 0
3825 0
3826 0
3827 0
3828 0
3829 0
3830 0
3831 0
3832 0
3833 0
3834 0
3835 0
3836 0
3837 0
3838 0
3839 0
3840 0
3841 0
3842 0
3843 0
3844 0
3845 0
3846 0
3847 0
3848 0
3849 0
3850 0
3851 0
3852 0
3853 0
3854 0
3855 0
3856 0
3857 0
3858 0
3859 0
3860 0
3861 0
3862 0
3863 0
3864 0
3865 0
3866 0
3867 0
3868 0
3869 0
3870 0
3871 0
3872 0
3873 0
3874 0
3875 0
3876 0
3877 0
3878 0
3879 0
3880 0
3881 0
3882 0
3883 0
3884 0
3885 0
3886 0
3887 0
3888 0
3889 0
3890 0
3891 0
3892 0
3893 0
3894 0
3895 0
3896 0
3897 0
3898 0
3899 0
3900 0
3901 0
3902 0
3903 0
3904 0
3905 0
3906 0
3907 0
3908 0
3909 0
3910 0
3911 0
3912 0
3913 0
3914 0
3915 0
3916 0
3917 0
3918 0
3919 0
3920 0
3921 0
3922 0
3923 0
3924 0
3925 0
3926 0
3927 0
3928 0
3929 0
3930 0
3931 0
3932 0
3933 0
3934 0
3935 0
3936 0
3937 0
3938 0
3939 0
3940 0
3941 0
3942 0
3943 0
3944 0
3945 0
3946 0
3947 0
3948 0
3949 0
3950 0
3951 0
3952 0
3953 0
3954 0
3955 0
3956 0
3957 0
3958 0
3959 0
3960 0
3961 0
3962 0
3963 0
3964 0
3965 0
3966 0
3967 0
3968 0
3969 0
3970 0
3971 0
3972 0
3973 0
3974 0
3975 0
3976 0
3977 0
3978 0
3979 0
3980 0
3981 0
3982 0
3983 0
3984 0
3985 0
3986 0
3987 0
3988 0
3989 0
3990 0
3991 0
3992 0
3993 0
3994 0
3995 0
3996 0
3997 0
3998 0
3999 0
4000 0
4001 0
4002 0
4003 0
4004 0
4005 0
4006 0
4007 0
4008 0
4009 0
4010 0
4011 0
4012 0
4013 0
4014 0
4015 0
4016 0
4017 0
4018 0
4019 0
4020 0
4021 0
4022 0
4023 0
4024 0
4025 0
4026 0
4027 0
4028 0
4029 0
4030 0
4031 0
4032 0
4033 0
4034 0
4035 0
4036 0
4037 0
4038 0
4039 0
4040 0
4041 0
4042 0
4043 0
4044 0
4045 0
4046 0
4047 0
4048 0
4049 0
4050 0
4051 0
4052 0
4053 0
4054 34
4055 34
4056 34
4057 34
4058 34
4059 34
4060 34
4061 34
4062 34
4063 34
4064 34
4065 34
4066 34
4067 34
4068 34
4069 34
4070 34
4071 34
4072 34
4073 34
4074 34
4075 34
4076 34
4077 34
4078 34
4079 34
4080 34
4081 34
4082 34
4083 34
4084 34
4085 34
4086 34
4087 34
4088 34
4089 34
4090 34
4091 34
4092 34
4093 34
4094 34
4095 34
4096 34
4097 34
4098 34
4099 34
4100 34
4101 34
4102 34
4103 34
4104 34
4105 34
4106 34
4107 34
4108 34
4109 34
4110 34
4111 34
4112 34
4113 34
4114 34
4115 34
4116 34
4117 34
4118 34
4119 34
4120 34
4121 34
4122 34
4123 34
4124 34
4125 34
4126 34
4127 34
4128 32
4129 32
4130 32
4131 32
4132 32
4133 32
4134 32
4135 32
4136 32
4137 32
4138 32
4139 32
4140 32
4141 32
4142 32
4143 32
4144 32
4145 32
4146 32
4147 32
4148 32
4149 32
4150 32
4151 32
4152 32
4153 32
4154 32
4155 32
4156 32
4157 32
4158 32
4159 32
4160 32
4161 32
4162 32
4163 32
4164 32
4165 32
4166 32
4167 32
4168 32
4169 32
4170 32
4171 32
4172 32
4173 32
4174 32
4175 32
4176 32
4177 32
4178 32
4179 32
4180 32
4181 32
4182 32
4183 32
4184 32
4185 32
4186 32
4187 32
4188 32
4189 32
4190 32
4191 32
4192 32
4193 32
4194 32
4195 32
4196 32
4197 32
4198 32
4199 32
4200 32
4201 32
4202 33
4203 33
4204 33
4205 33
4206 33
4207 33
4208 33
4209 33
4210 33
4211 33
4212 33
4213 33
4214 33
4215 33
4216 33
4217 33
4218 33
4219 33
4220 33
4221 33
4222 33
4223 33
4224 33
4225 33
4226 33
4227 33
4228 33
4229 33
4230 33
4231 33
4232 33
4233 33
4234 33
4235 33
4236 33
4237 33
4238 33
4239 33
4240 33
4241 33
4242 33
4243 33
4244 33
4245 33
4246 33
4247 33
4248 33
4249 33
4250 33
4251 33
4252 33
4253 33
4254 33
4255 33
4256 33
4257 33
4258 33
4259 33
4260 33
4261 33
4262 33
4263 33
4264 33
4265 33
4266 33
4267 33
4268 33
4269 33
4270 33
4271 33
4272 33
4273 33
4274 33
4275 33
4276 3
4277 3
4278 3
4279 3
4280 15
4281 15
4282 15
4283 15
4284 15
4285 15
4286 15
4287 15
4288 15
4289 15
4290 15
4291 15
4292 15
4293 15
4294 15
4295 15
4296 15
4297 13
4298 13
4299 13
4300 13
4301 13
4302 13
4303 13
4304 13
4305 13
4306 13
4307 13
4308 13
4309 13
4310 13
4311 9
4312 9
4313 9
4314 9
4315 9
4316 9
4317 9
4318 9
4319 9
4320 9
4321 9
4322 9
4323 9
4324 9
4325 9
4326 9
4327 9
4328 9
4329 9
4330 9
4331 9
4332 9
4333 9
4334 9
4335 9
4336 9
4337 9
4338 9
4339 9
4340 9
4341 9
4342 9
4343 9
4344 9
4345 9
4346 9
4347 9
4348 9
4349 9
4350 9
4351 9
4352 9
4353 9
4354 9
4355 9
4356 9
4357 9
4358 9
4359 9
4360 9
4361 9
4362 9
4363 9
4364 9
4365 9
4366 6
4367 6
4368 6
4369 6
4370 6
4371 6
4372 6
4373 6
4374 6
4375 6
4376 6
4377 6
4378 6
4379 6
4380 6
4381 6
4382 6
4383 6
4384 6
4385 6
4386 6
4387 6
4388 6
4389 6
4390 6
4391 6
4392 6
4393 6
4394 6
4395 6
4396 6
4397 6
4398 6
4399 6
4400 6
4401 6
4402 6
4403 6
4404 6
4405 6
4406 6
4407 6
4408 6
4409 6
4410 6
4411 6
4412 6
4413 6
4414 6
4415 6
4416 6
4417 6
4418 6
4419 6
4420 6
4421 6
4422 6
4423 6
4424 6
4425 6
4426 6
4427 6
4428 6
4429 6
4430 6
4431 6
4432 6
4433 6
4434 6
4435 6
4436 6
4437 6
4438 6
4439 6
4440 6
4441 6
4442 6
4443 6
4444 6
4445 6
4446 6
4447 6
4448 6
4449 6
4450 6
4451 6
4452 6
4453 6
4454 6
4455 6
4456 6
4457 6
4458 6
4459 6
4460 6
4461 6
4462 6
4463 6
4464 6
4465 6
4466 6
4467 6
4468 6
4469 6
4470 6
4471 6
4472 6
4473 6
4474 6
4475 6
4476 6
4477 6
4478 6
4479 6
4480 6
4481 6
4482 6
4483 6
4484 6
4485 6
4486 6
4487 6
4488 6
4489 6
4490 6
4491 6
4492 6
4493 6
4494 6
4495 6
4496 6
4497 6
4498 6
4499 6
4500 6
4501 6
4502 6
4503 6
4504 6
4505 6
4506 6
4507 6
4508 6
4509 6
4510 6
4511 6
4512 6
4513 6
4514 6
4515 6
4516 6
4517 6
4518 6
4519 6
4520 6
4521 6
4522 6
4523 6
4524 6
4525 6
4526 6
4527 6
4528 6
4529 6
4530 6
4531 6
4532 6
4533 6
4534 6
4535 6
4536 6
4537 6
4538 6
4539 6
4540 6
4541 6
4542 6
4543 6
4544 6
4545 6
4546 6
4547 6
4548 6
4549 6
4550 6
4551 6
4552 6
4553 6
4554 6
4555 6
4556 6
4557 6
4558 6
4559 6
4560 6
4561 6
4562 6
4563 6
4564 6
4565 6
4566 6
4567 6
4568 6
4569 6
4570 6
4571 6
4572 6
4573 6
4574 6
4575 6
4576 6
4577 6
4578 6
4579 6
4580 6
4581 6
4582 6
4583 6
4584 6
4585 6
4586 6
4587 6
4588 6
4589 6
4590 6
4591 6
4592 6
4593 6
4594 6
4595 6
4596 6
4597 6
4598 6
4599 6
4600 6
4601 6
4602 6
4603 6
4604 6
4605 6
4606 6
4607 6
4608 6
4609 6
4610 6
4611 6
4612 6
4613 6
4614 6
4615 6
4616 6
4617 6
4618 6
4619 6
4620 6
4621 6
4622 6
4623 6
4624 6
4625 6
4626 6
4627 6
4628 6
4629 6
4630 6
4631 6
4632 6
4633 6
4634 6
4635 6
4636 6
4637 6
4638 6
4639 6
4640 6
4641 6
4642 6
4643 6
4644 6
4645 6
4646 6
4647 6
4648 6
4649 6
4650 6
4651 6
4652 6
4653 6
4654 6
4655 6
4656 6
4657 6
4658 6
4659 6
4660 6
4661 6
4662 6
4663 6
4664 6
4665 6
4666 6
4667 6
4668 6
4669 6
4670 6
4671 6
4672 6
4673 6
4674 6
4675 6
4676 6
4677 6
4678 6
4679 6
4680 6
4681 6
4682 6
4683 6
4684 6
4685 6
4686 6
4687 6
4688 6
4689 6
4690 6
4691 6
4692 6
4693 6
4694 6
4695 6
4696 6
4697 6
4698 6
4699 6
4700 6
4701 6
4702 6
4703 6
4704 6
4705 6
4706 6
4707 6
4708 6
4709 6
4710 6
4711 6
4712 6
4713 6
4714 6
4715 6
4716 6
4717 6
4718 6
4719 6
4720 6
4721 6
4722 6
4723 6
4724 6
4725 6
4726 6
4727 6
4728 6
4729 6
4730 6
4731 6
4732 6
4733 6
4734 6
4735 6
4736 6
4737 6
4738 6
4739 6
4740 6
4741 6
4742 6
4743 6
4744 6
4745 6
4746 6
4747 6
4748 6
4749 6
4750 6
4751 6
4752 6
4753 6
4754 6
4755 6
4756 6
4757 6
4758 6
4759 6
4760 6
4761 6
4762 6
4763 6
4764 6
4765 6
4766 6
4767 6
4768 6
4769 6
4770 6
4771 6
4772 6
4773 6
4774 6
4775 6
4776 6
4777 6
4778 6
4779 6
4780 6
4781 6
4782 6
4783 6
4784 6
4785 6
4786 6
4787 6
4788 6
4789 6
4790 6
4791 6
4792 6
4793 6
4794 6
4795 6
4796 6
4797 6
4798 6
4799 6
4800 6
4801 6
4802 6
4803 6
4804 6
4805 6
4806 6
4807 6
4808 6
4809 6
4810 6
4811 6
4812 6
4813 6
4814 6
4815 6
4816 6
4817 6
4818 6
4819 6
4820 6
4821 6
4822 6
4823 6
4824 6
4825 6
4826 6
4827 6
4828 6
4829 6
4830 6
4831 6
4832 6
4833 6
4834 6
4835 6
4836 6
4837 6
4838 6
4839 6
4840 6
4841 6
4842 6
4843 6
4844 6
4845 6
4846 6
4847 6
4848 6
4849 6
4850 6
4851 6
4852 6
4853 6
4854 6
4855 6
4856 6
4857 6
4858 6
4859 6
4860 6
4861 6
4862 6
4863 6
4864 6
4865 6
4866 6
4867 6
4868 6
4869 6
4870 6
4871 6
4872 6
4873 6
4874 6
4875 6
4876 6
4877 6
4878 6
4879 6
4880 6
4881 6
4882 6
4883 6
4884 6
4885 6
4886 6
4887 6
4888 6
4889 6
4890 6
4891 6
4892 6
4893 6
4894 6
4895 6
4896 6
4897 6
4898 6
4899 6
4900 6
4901 6
4902 6
4903 6
4904 6
4905 6
4906 6
4907 6
4908 6
4909 6
4910 6
4911 6
4912 6
4913 6
4914 6
4915 6
4916 6
4917 6
4918 6
4919 6
4920 6
4921 6
4922 6
4923 6
4924 6
4925 6
4926 6
4927 6
4928 6
4929 6
4930 5
4931 5
4932 5
4933 5
4934 5
4935 5
4936 5
4937 5
4938 5
4939 5
4940 5
4941 5
4942 5
4943 5
4944 5
4945 5
4946 5
4947 5
4948 5
4949 5
4950 5
4951 5
4952 5
4953 5
4954 5
4955 5
4956 5
4957 5
4958 5
4959 5
4960 5
4961 5
4962 5
4963 5
4964 5
4965 5
4966 5
4967 5
4968 5
4969 5
4970 5
4971 5
4972 5
4973 5
4974 5
4975 5
4976 5
4977 5
4978 5
4979 5
4980 5
4981 5
4982 5
4983 5
4984 5
4985 5
4986 5
4987 5
4988 5
4989 5
4990 5
4991 5
4992 5
4993 5
4994 5
4995 5
4996 5
4997 5
4998 5
4999 5
5000 5
5001 5
5002 5
5003 5
5004 5
5005 5
5006 5
5007 5
5008 5
5009 5
5010 5
5011 5
5012 5
5013 5
5014 5
5015 5
5016 5
5017 5
5018 5
5019 5
5020 5
5021 5
5022 5
5023 5
5024 5
5025 5
5026 5
5027 5
5028 5
5029 5
5030 5
5031 5
5032 5
5033 5
5034 5
5035 5
5036 5
5037 5
5038 5
5039 5
5040 5
5041 5
5042 5
5043 5
5044 5
5045 5
5046 5
5047 5
5048 5
5049 5
5050 5
5051 11
5052 11
5053 14
5054 14
5055 14
5056 14
5057 10
5058 10
5059 10
5060 10
5061 10
5062 10
5063 10
5064 10
5065 10
5066 10
5067 10
**********
1 -0.0330888932689 -0.00760951151358 0.303758021782 1 0 6.12323399574e-17 100 0
2 0.00101676694508 -0.00381091487022 0.119499464625 -0.000618103151718 0.00000374056087603 0.999999808967 100 0
3 0.0341477567939 -0.0127678938564 0.340778628138 -1 1.22464679915e-16 6.12323399574e-17 100 0
4 -0.0462476658519 -0.00384970211473 0.606558548897 0 0 1 100 0
5 0.0470523467417 -0.00312789889207 0.606558548897 0 0 1 100 0
6 -0.00131927661614 0.0293538139026 -0.123044428179 6.12323399574e-17 1 6.12323399574e-17 100 0
7 0.000915140763349 0.0191808493759 0.0679006572629 6.12323399574e-17 1 6.12323399574e-17 100 0
8 -0.0565011165297 0.00598230104903 -0.0592135825628 -1 1.22464679915e-16 6.12323399574e-17 100 0
9 0.000465112368183 -0.00132186562406 -0.294194820461 1.22464679915e-16 0 -1 100 0
10 0.0576253337514 0.00743587530657 -0.0592135825628 1 0 6.12323399574e-17 100 0
11 0.04588654527265172 -0.035861025491220166 0.3844349107597341 0 -1 0 100 0
12 -0.04479500489928892 -0.035861025491220166 0.3844349107597341 0 -1 0 100 0
13 0.0472160407054 -0.0290236470273 0.087403873962 0.707106158693 -0.70710740368 2.22664224009e-7 100 0
14 0.0425177847105 -0.0334520195797 0.162311272622 1.22464679915e-16 0 -1 100 0
15 0.0392974916904 -0.0339516181975 0.144498914266 -0.258695066919 -0.965958976943 -0.00034236664671 100 0
16 -0.0379011797154 -0.0338775099023 0.144721649146 0.256909555626 -0.966435319612 0.000503223701154 100 0
17 -0.0457528167707 -0.0293626142493 0.0938123848724 -0.707111978114 -0.707101584221 1.62775512019e-7 100 0
18 -0.00880155067045 -0.031292440302 -0.238741950725 0.0201273667927 -0.999791389729 -0.00347363355841 100 0
19 0.00102561878349 -0.00364701436521 -0.0887982796834 -0.000602741557935 0.000198048373354 -0.99999979874 100 0
20 -0.0359635627255 -0.00383349299402 -0.184012779473 0.999996698647 0.00255106775999 0.000307812445001 100 0
21 0.0372405531728 -0.00550616094935 -0.156669359246 -0.999882094623 -0.0153382329842 -0.000731752663809 100 0
22 -0.0000743088024687 -0.00364166514215 -0.251773737883 0.000589269710048 0.000214867027297 0.999999803297 100 0
23 -0.046158729806 0.0165514352886 0.581776662109 0 0 1 100 0
24 -0.0463397596878 -0.00366077095205 0.581776662109 0 0 1 100 0
25 -0.046158729806 -0.0242079860673 0.581776662109 0 0 1 100 0
26 -0.0462316688792 0.0172771597197 4.10951132852e-7 0.000106442174545 0.000308612675106 -0.999999946714 0.00535705834214 2
27 -0.0463054285101 -0.00312196489031 1.24400209245e-7 -0.0000176128715105 0.000221389855649 -0.999999975338 0.00406275698525 2
28 -0.0463581486213 -0.0235453133999 1.55151549567e-7 -0.000106347721903 0.00020279755342 -0.999999973782 0.00536303463792 2
29 0.0472772376804 0.0174640608774 0.581776662109 0 0 1 100 0
30 0.0474127244169 -0.00283102493658 0.581776662109 0 0 1 100 0
31 0.0472772376804 -0.0232954846986 0.581776662109 0 0 1 100 0
32 0.0474511886581 0.0169915791944 -3.67590085468e-7 0.0000537848630811 -0.000171834867797 -0.99999998379 0.00536089111908 2
33 0.0474128228663 -0.00338498619858 2.50581483708e-7 -0.0000105054612298 -0.000221175214923 -0.999999975486 0.00406049988762 2
34 0.0473843539319 -0.0237382530221 1.20253925233e-7 -0.0000585317442037 -0.000121902096378 -0.999999990857 0.00536299099592 2
35 -0.0330911611799 -0.00000983643164723 0.1276179525 -0.000437719543706 -0.999999886041 -0.000190577250474 0.00813230704624 2
36 0.000562057979088 -0.00325346667741 5.68257150215e-11 -5.46278166966e-8 -2.69035229049e-8 -1 0.0162515719545 2
37 0.0341572116042 7.83936691185e-8 0.127616352487 0.0000984772823129 -0.99999999482 -0.0000257436890918 0.00812873105767 2
38 0.000681571391348 -0.0000306917105411 0.068521385036 0.0049505888812 -0.999987622178 -0.000497151515231 0.0487651639685 2
39 0.0236192325767 7.72829883349e-8 0.0915887368929 2.44841681304e-7 -1 7.80663847382e-7 0.00442046732647 2
40 -0.0224949104662 1.25102029002e-11 0.0915887718671 -1.33859177997e-7 -1 -3.27402580043e-8 0.00442043550861 2
41 0.0236192349796 4.75134518382e-8 0.0454748218797 6.62686904226e-7 -1 7.00635930222e-7 0.00442045945555 2
42 -0.0224949159246 7.09960040783e-8 0.045474756033 -7.14190868728e-7 -0.999999999999 0.00000120793040631 0.0044204600099 2
43 -0.0224523298247 -0.00560103741261 0.0922733252805 6.12323399574e-17 1 6.12323399574e-17 100 0
44 0.023551730057 -0.00560103741261 0.0910464107104 6.12323399574e-17 1 6.12323399574e-17 100 0
45 0.0235833129879 -0.00560103741261 0.045575654548 6.12323399574e-17 1 6.12323399574e-17 100 0
46 -0.0223531712226 -0.00560103741261 0.0454465961957 6.12323399574e-17 1 6.12323399574e-17 100 0