0 3
1 3
2 4
3 4
4 7
5 7
6 16
7 16
8 16
9 16
10 16
11 16
12 16
13 16
14 16
15 16
16 16
17 16
18 16
19 16
20 16
21 16
22 16
23 16
24 16
25 16
26 16
27 16
28 16
29 16
30 16
31 16
32 16
33 16
34 16
35 16
36 16
37 16
38 16
39 16
40 16
41 16
42 16
43 16
44 16
45 16
46 16
47 16
48 16
49 16
50 16
51 16
52 16
53 16
54 16
55 16
56 16
57 16
58 16
59 16
60 16
61 16
62 16
63 16
64 16
65 16
66 16
67 16
68 16
69 16
70 16
71 16
72 16
73 16
74 16
75 16
76 16
77 16
78 16
79 16
80 17
81 17
82 17
83 17
84 17
85 17
86 17
87 17
88 17
89 17
90 17
91 17
92 17
93 17
94 17
95 17
96 17
97 17
98 17
99 17
100 17
101 17
102 17
103 17
104 17
105 17
106 17
107 17
108 17
109 17
110 17
111 17
112 17
113 17
114 17
115 17
116 17
117 17
118 17
119 17
120 17
121 17
122 17
123 17
124 17
125 17
126 17
127 17
128 17
129 17
130 17
131 17
132 17
133 17
134 17
135 17
136 17
137 17
138 17
139 17
140 17
141 17
142 17
143 17
144 17
145 17
146 17
147 17
148 17
149 17
150 17
151 17
152 17
153 17
154 18
155 18
156 1
157 1
158 1
159 1
160 12
161 12
162 12
163 12
164 12
165 12
166 12
167 12
168 12
169 12
170 12
171 12
172 12
173 12
174 12
175 12
176 12
177 12
178 12
179 12
180 12
181 12
182 12
183 12
184 12
185 12
186 12
187 12
188 12
189 12
190 12
191 12
192 12
193 12
194 12
195 12
196 12
197 12
198 12
199 12
200 12
201 12
202 12
203 12
204 12
205 12
206 12
207 12
208 12
209 12
210 12
211 12
212 12
213 12
214 12
215 12
216 12
217 12
218 12
219 12
220 12
221 12
222 12
223 12
224 12
225 12
226 12
227 12
228 12
229 12
230 12
231 12
232 12
233 12
234 12
235 12
236 12
237 12
238 12
239 12
240 13
241 13
242 13
243 13
244 13
245 13
246 13
247 13
248 13
249 13
250 13
251 13
252 13
253 13
254 13
255 13
256 13
257 13
258 13
259 13
260 8
261 8
262 11
263 11
264 11
265 11
266 11
267 11
268 11
269 11
270 11
271 11
272 11
273 11
274 11
275 11
276 11
277 11
278 11
279 11
280 11
281 11
282 2
283 2
284 2
285 2
286 14
287 14
288 14
289 14
290 14
291 14
292 14
293 14
294 14
295 14
296 14
297 14
298 14
299 14
300 14
301 14
302 14
303 14
304 14
305 14
306 14
307 14
308 14
309 14
310 14
311 14
312 14
313 14
314 14
315 14
316 14
317 14
318 14
319 14
320 14
321 14
322 14
323 14
324 14
325 14
326 14
327 14
328 14
329 14
330 14
331 14
332 14
333 14
334 14
335 14
336 14
337 14
338 14
339 14
340 14
341 14
342 14
343 14
344 14
345 14
346 14
347 14
348 14
349 14
350 14
351 14
352 14
353 14
354 14
355 14
356 14
357 14
358 14
359 14
360 14
361 14
362 14
363 14
364 14
365 14
366 6
367 6
368 6
369 6
370 6
371 6
372 6
373 6
374 6
375 6
376 6
377 6
378 6
379 6
380 6
381 6
382 6
383 6
384 6
385 6
386 6
387 6
388 6
389 6
390 6
391 6
392 6
393 6
394 6
395 6
396 6
397 6
398 6
399 6
400 6
401 6
402 6
403 6
404 6
405 6
406 6
407 6
408 6
409 6
410 6
411 6
412 10
413 10
414 10
415 10
416 10
417 10
418 10
419 10
420 10
421 10
422 10
423 10
424 10
425 10
426 10
427 10
428 10
429 10
430 10
431 10
432 5
433 5
434 5
435 5
436 5
437 5
438 5
439 5
440 5
441 5
442 5
443 5
444 5
445 5
446 5
447 5
448 5
449 5
450 5
451 5
452 5
453 5
454 5
455 5
456 5
457 5
458 5
459 5
460 5
461 5
462 5
463 5
464 5
465 5
466 5
467 5
468 5
469 5
470 5
471 5
472 5
473 5
474 5
475 5
476 5
477 5
478 15
479 15
480 15
481 15
482 15
483 15
484 15
485 15
486 15
487 15
488 15
489 15
490 15
491 15
492 15
493 15
494 15
495 15
496 15
497 15
498 9
499 9
**********
1 -0.0125426557522 0.270307679123 0.587356568055 -0.0017479428853 -0.00228487783262 0.999995862006 100 0
2 -0.00627134517203 0.267213037448 0.563413011971 -0.000148078498395 0.00168088987497 -0.99999857634 100 0
3 -0.24081841515104907 0.5949087872990111 0.5757306842326166 -0.7071068676303569 0.7071066947427276 0 100 0
4 -4.839187300875736e-8 0.670164532661263 0.5757306842326166 0 1 0 100 0
5 -0.316074142113 0.082777146709 0.211492941758 -1 1.22464679915e-16 6.12323399574e-17 100 0
6 0.31607408213 0.0827771248957 0.211492947329 1 4.76548808064e-18 6.12323399574e-17 100 0
7 0.24081833676733277 0.5949087872990111 0.5757306842326166 0.7071067811865476 0.7071067811865476 0 100 0
8 -2.99918399976e-8 0.0920897823335 0.206041576253 0.00157956297331 0.999996592001 -0.00207869380262 100 0
9 -2.99918399976e-8 0.0682291957089 0.216944297515 0.00157956227922 -0.999996592001 0.00207869426777 100 0
10 0.0000517242226093 0.113275392065 0.542611918742 -0.999999995521 0.0000345417517578 0.0000881136043151 0.0450354274673 2
11 4.80629153644e-8 0.122303918684 0.533586230321 1 1.93445893933e-7 -1.34415211957e-7 0.0300213410242 2
12 -0.00971758507641 -0.0717743827921 -0.164746258529 -8.26824125891e-7 0.000949181649879 -0.999999549527 100 0
13 -3.2383645544e-7 0.0470470702293 -0.119632214954 0.999999999992 0.00000392962521315 -0.00000116155253092 0.0450299514098 2
14 -0.0107291929666 -0.0760392958936 -0.140677645228 -0.000023467390692 -0.00060707737921 0.999999815453 100 0
15 -0.00000163101219367 0.0380156600771 -0.110601058923 -0.999999999771 -0.0000199115482265 0.00000790283160779 0.0300205822449 2
16 0.210617867459 -0.0736801308136 -0.0000176628649849 0.000644914821341 0.00208324015787 -0.999997622095 0.063762421307 2
17 -0.210619602452 -0.0736581925758 -0.0000101259214811 -0.000629352917114 0.0019370548841 -0.999997925864 0.0637627324425 2
18 -2.999184325891413e-8 -0.2389248204870085 -0.15274490771026233 0 -1 0 100 0