0 0
1 0
2 0
3 0
4 0
5 0
6 0
7 0
8 0
9 0
10 0
11 0
12 0
13 0
14 0
15 0
16 0
17 0
18 0
19 0
20 0
21 0
22 0
23 0
24 0
25 0
26 0
27 0
28 0
29 0
30 0
31 0
32 0
33 0
34 0
35 0
36 0
37 0
38 0
39 0
40 0
41 0
42 0
43 0
44 0
45 0
46 0
47 0
48 0
49 0
50 0
51 0
52 0
53 0
54 0
55 0
56 0
57 0
58 0
59 0
60 0
61 0
62 0
63 0
64 0
65 0
66 0
67 0
68 0
69 0
70 0
71 0
72 0
73 0
74 0
75 0
76 0
77 0
78 0
79 0
80 0
81 0
82 0
83 0
84 0
85 0
86 0
87 0
88 0
89 0
90 0
91 0
92 0
93 0
94 0
95 0
96 0
97 0
98 0
99 0
100 0
101 0
102 0
103 0
104 0
105 39
106 39
107 39
108 39
109 39
110 39
111 39
112 39
113 39
114 39
115 39
116 39
117 39
118 39
119 39
120 39
121 39
122 39
123 39
124 39
125 39
126 39
127 39
128 39
129 39
130 39
131 39
132 39
133 39
134 39
135 39
136 39
137 39
138 39
139 39
140 0
141 0
142 0
143 0
144 0
145 0
146 0
147 0
148 0
149 0
150 0
151 0
152 0
153 0
154 0
155 0
156 0
157 0
158 0
159 0
160 0
161 0
162 0
163 0
164 0
165 0
166 0
167 0
168 0
169 0
170 0
171 0
172 0
173 0
174 0
175 33
176 33
177 33
178 33
179 33
180 33
181 33
182 33
183 33
184 33
185 33
186 33
187 33
188 33
189 33
190 33
191 33
192 33
193 33
194 33
195 33
196 33
197 33
198 33
199 33
200 33
201 33
202 33
203 33
204 33
205 33
206 33
207 33
208 33
209 33
210 33
211 33
212 33
213 33
214 33
215 33
216 33
217 33
218 33
219 33
220 33
221 33
222 33
223 33
224 33
225 33
226 33
227 33
228 33
229 33
230 33
231 33
232 33
233 33
234 33
235 33
236 33
237 33
238 33
239 33
240 33
241 33
242 33
243 33
244 33
245 33
246 33
247 33
248 33
249 33
250 33
251 33
252 33
253 33
254 33
255 33
256 33
257 33
258 33
259 33
260 33
261 33
262 33
263 33
264 33
265 33
266 33
267 33
268 33
269 33
270 33
271 33
272 33
273 33
274 33
275 33
276 33
277 33
278 33
279 33
280 33
281 33
282 33
283 33
284 33
285 33
286 36
287 36
288 36
289 36
290 36
291 36
292 36
293 36
294 36
295 36
296 36
297 36
298 36
299 36
300 36
301 36
302 36
303 36
304 36
305 36
306 36
307 36
308 36
309 36
310 36
311 36
312 36
313 36
314 36
315 36
316 36
317 36
318 36
319 36
320 36
321 36
322 36
323 36
324 36
325 36
326 36
327 36
328 36
329 36
330 36
331 36
332 36
333 36
334 36
335 36
336 36
337 36
338 36
339 36
340 36
341 36
342 36
343 36
344 36
345 36
346 36
347 36
348 36
349 36
350 36
351 36
352 36
353 36
354 36
355 36
356 36
357 36
358 36
359 36
360 36
361 36
362 36
363 36
364 36
365 36
366 36
367 36
368 36
369 36
370 36
371 36
372 36
373 36
374 36
375 36
376 36
377 36
378 36
379 36
380 36
381 36
382 36
383 36
384 36
385 36
386 36
387 36
388 36
389 36
390 36
391 36
392 36
393 36
394 36
395 36
396 36
397 34
398 34
399 34
400 34
401 34
402 34
403 34
404 34
405 34
406 34
407 34
408 34
409 34
410 34
411 34
412 34
413 34
414 34
415 34
416 34
417 34
418 34
419 34
420 34
421 34
422 34
423 34
424 34
425 34
426 34
427 34
428 34
429 34
430 34
431 34
432 34
433 34
434 34
435 34
436 34
437 34
438 34
439 34
440 34
441 34
442 34
443 34
444 34
445 34
446 34
447 34
448 34
449 34
450 34
451 34
452 34
453 34
454 34
455 34
456 34
457 34
458 34
459 34
460 34
461 34
462 34
463 34
464 34
465 34
466 34
467 34
468 34
469 34
470 34
471 34
472 34
473 34
474 34
475 34
476 34
477 34
478 34
479 34
480 34
481 34
482 34
483 34
484 34
485 34
486 34
487 34
488 34
489 34
490 34
491 34
492 34
493 34
494 34
495 34
496 34
497 34
498 34
499 34
500 34
501 34
502 34
503 34
504 34
505 34
506 34
507 34
508 39
509 39
510 39
511 39
512 39
513 39
514 39
515 39
516 39
517 39
518 39
519 39
520 39
521 39
522 39
523 39
524 39
525 39
526 39
527 39
528 39
529 39
530 39
531 39
532 39
533 39
534 39
535 39
536 39
537 39
538 39
539 39
540 39
541 39
542 39
543 39
544 39
545 39
546 39
547 39
548 39
549 39
550 39
551 39
552 39
553 39
554 39
555 39
556 39
557 39
558 39
559 39
560 39
561 39
562 39
563 39
564 39
565 39
566 39
567 39
568 39
569 39
570 39
571 39
572 39
573 39
574 39
575 39
576 39
577 39
578 39
579 39
580 39
581 39
582 39
583 39
584 39
585 39
586 39
587 39
588 39
589 39
590 39
591 39
592 39
593 39
594 39
595 39
596 39
597 39
598 39
599 39
600 39
601 39
602 39
603 39
604 39
605 39
606 39
607 39
608 39
609 39
610 39
611 39
612 39
613 39
614 39
615 39
616 39
617 39
618 39
619 35
620 35
621 35
622 35
623 35
624 35
625 35
626 35
627 35
628 35
629 35
630 35
631 35
632 35
633 35
634 35
635 35
636 35
637 35
638 35
639 35
640 35
641 35
642 35
643 35
644 35
645 35
646 35
647 35
648 35
649 35
650 35
651 35
652 35
653 35
654 35
655 35
656 35
657 35
658 35
659 35
660 35
661 35
662 35
663 35
664 35
665 35
666 35
667 35
668 35
669 35
670 35
671 35
672 35
673 35
674 35
675 35
676 35
677 35
678 35
679 35
680 35
681 35
682 35
683 35
684 35
685 35
686 35
687 35
688 35
689 35
690 35
691 35
692 35
693 35
694 35
695 35
696 35
697 35
698 35
699 35
700 35
701 35
702 35
703 35
704 35
705 35
706 35
707 35
708 35
709 35
710 35
711 35
712 35
713 35
714 35
715 35
716 35
717 35
718 35
719 35
720 35
721 35
722 35
723 35
724 35
725 35
726 35
727 35
728 35
729 35
730 0
731 0
732 0
733 0
734 0
735 0
736 0
737 0
738 0
739 0
740 0
741 0
742 0
743 0
744 0
745 0
746 0
747 0
748 0
749 0
750 0
751 0
752 0
753 0
754 0
755 0
756 0
757 0
758 0
759 0
760 0
761 0
762 0
763 0
764 0
765 0
766 0
767 0
768 0
769 0
770 0
771 0
772 0
773 0
774 0
775 0
776 0
777 0
778 0
779 0
780 0
781 0
782 0
783 0
784 0
785 0
786 0
787 0
788 0
789 0
790 0
791 0
792 0
793 0
794 0
795 0
796 0
797 0
798 0
799 0
800 0
801 0
802 0
803 0
804 0
805 0
806 0
807 0
808 0
809 0
810 0
811 0
812 0
813 0
814 0
815 0
816 0
817 0
818 0
819 0
820 0
821 0
822 0
823 0
824 0
825 0
826 0
827 0
828 0
829 0
830 0
831 0
832 0
833 0
834 0
835 0
836 0
837 0
838 0
839 0
840 0
841 0
842 0
843 0
844 0
845 0
846 0
847 0
848 0
849 0
850 0
851 0
852 0
853 0
854 0
855 0
856 0
857 0
858 0
859 0
860 0
861 0
862 0
863 0
864 0
865 0
866 0
867 0
868 0
869 0
870 0
871 0
872 0
873 0
874 0
875 0
876 0
877 0
878 0
879 0
880 0
881 0
882 0
883 11
884 0
885 0
886 0
887 0
888 0
889 0
890 0
891 12
892 0
893 0
894 0
895 0
896 0
897 0
898 0
899 0
900 0
901 0
902 0
903 0
904 0
905 0
906 0
907 0
908 0
909 0
910 0
911 0
912 0
913 0
914 0
915 0
916 0
917 0
918 0
919 0
920 0
921 0
922 0
923 0
924 0
925 0
926 0
927 0
928 0
929 0
930 0
931 0
932 0
933 0
934 0
935 0
936 0
937 0
938 0
939 0
940 0
941 0
942 0
943 0
944 0
945 0
946 0
947 0
948 0
949 0
950 0
951 0
952 0
953 0
954 0
955 0
956 0
957 0
958 0
959 0
960 0
961 0
962 0
963 0
964 0
965 0
966 0
967 0
968 0
969 0
970 0
971 0
972 0
973 0
974 0
975 0
976 0
977 0
978 0
979 0
980 0
981 0
982 0
983 0
984 0
985 0
986 0
987 0
988 0
989 0
990 0
991 0
992 0
993 0
994 0
995 0
996 0
997 0
998 0
999 0
1000 0
1001 0
1002 0
1003 0
1004 0
1005 0
1006 0
1007 0
1008 0
1009 0
1010 0
1011 0
1012 0
1013 0
1014 0
1015 0
1016 0
1017 0
1018 0
1019 0
1020 0
1021 0
1022 0
1023 0
1024 0
1025 0
1026 0
1027 0
1028 0
1029 0
1030 0
1031 0
1032 0
1033 0
1034 0
1035 0
1036 0
1037 0
1038 0
1039 0
1040 0
1041 0
1042 0
1043 0
1044 0
1045 0
1046 0
1047 0
1048 0
1049 0
1050 0
1051 0
1052 0
1053 0
1054 0
1055 0
1056 0
1057 0
1058 0
1059 0
1060 0
1061 0
1062 0
1063 0
1064 0
1065 0
1066 0
1067 0
1068 0
1069 0
1070 0
1071 0
1072 0
1073 0
1074 0
1075 0
1076 0
1077 0
1078 0
1079 0
1080 0
1081 0
1082 0
1083 0
1084 0
1085 0
1086 0
1087 0
1088 0
1089 0
1090 0
1091 0
1092 0
1093 0
1094 0
1095 0
1096 0
1097 0
1098 0
1099 0
1100 0
1101 0
1102 0
1103 0
1104 0
1105 0
1106 0
1107 0
1108 0
1109 0
1110 0
1111 0
1112 0
1113 0
1114 0
1115 0
1116 0
1117 0
1118 0
1119 0
1120 0
1121 0
1122 0
1123 0
1124 0
1125 0
1126 0
1127 0
1128 0
1129 0
1130 0
1131 0
1132 0
1133 0
1134 0
1135 0
1136 0
1137 0
1138 0
1139 0
1140 0
1141 0
1142 0
1143 0
1144 10
1145 0
1146 0
1147 0
1148 0
1149 0
1150 0
1151 0
1152 11
1153 0
1154 0
1155 0
1156 0
1157 0
1158 0
1159 0
1160 0
1161 0
1162 0
1163 0
1164 0
1165 0
1166 0
1167 0
1168 0
1169 0
1170 0
1171 0
1172 0
1173 0
1174 0
1175 0
1176 0
1177 0
1178 0
1179 0
1180 0
1181 0
1182 0
1183 0
1184 0
1185 0
1186 0
1187 0
1188 0
1189 0
1190 0
1191 0
1192 0
1193 0
1194 0
1195 0
1196 0
1197 0
1198 0
1199 0
1200 0
1201 0
1202 0
1203 0
1204 0
1205 0
1206 0
1207 0
1208 0
1209 0
1210 0
1211 0
1212 0
1213 0
1214 0
1215 0
1216 0
1217 0
1218 0
1219 0
1220 0
1221 0
1222 0
1223 0
1224 0
1225 0
1226 0
1227 0
1228 0
1229 0
1230 0
1231 0
1232 0
1233 0
1234 0
1235 0
1236 0
1237 0
1238 0
1239 0
1240 0
1241 0
1242 0
1243 0
1244 0
1245 0
1246 0
1247 0
1248 0
1249 0
1250 0
1251 0
1252 0
1253 0
1254 0
1255 0
1256 0
1257 0
1258 0
1259 0
1260 0
1261 0
1262 0
1263 0
1264 0
1265 0
1266 0
1267 0
1268 0
1269 0
1270 0
1271 0
1272 0
1273 0
1274 0
1275 0
1276 0
1277 0
1278 0
1279 0
1280 0
1281 0
1282 0
1283 0
1284 0
1285 0
1286 0
1287 0
1288 0
1289 0
1290 0
1291 0
1292 0
1293 0
1294 0
1295 0
1296 0
1297 0
1298 0
1299 0
1300 0
1301 0
1302 0
1303 0
1304 0
1305 0
1306 0
1307 0
1308 0
1309 0
1310 0
1311 0
1312 0
1313 0
1314 0
1315 0
1316 0
1317 0
1318 0
1319 0
1320 0
1321 0
1322 0
1323 0
1324 0
1325 0
1326 0
1327 0
1328 0
1329 0
1330 0
1331 0
1332 0
1333 0
1334 0
1335 0
1336 0
1337 0
1338 0
1339 0
1340 0
1341 0
1342 0
1343 0
1344 0
1345 0
1346 0
1347 0
1348 0
1349 0
1350 0
1351 0
1352 0
1353 0
1354 0
1355 0
1356 0
1357 0
1358 0
1359 0
1360 0
1361 0
1362 0
1363 0
1364 0
1365 0
1366 0
1367 0
1368 0
1369 0
1370 0
1371 0
1372 0
1373 0
1374 0
1375 0
1376 0
1377 0
1378 0
1379 0
1380 0
1381 0
1382 0
1383 0
1384 0
1385 0
1386 0
1387 0
1388 0
1389 0
1390 0
1391 0
1392 0
1393 0
1394 0
1395 0
1396 0
1397 0
1398 0
1399 0
1400 0
1401 0
1402 0
1403 0
1404 0
1405 12
1406 0
1407 0
1408 0
1409 0
1410 0
1411 0
1412 0
1413 13
1414 0
1415 0
1416 0
1417 0
1418 0
1419 0
1420 0
1421 0
1422 0
1423 0
1424 0
1425 0
1426 0
1427 0
1428 0
1429 0
1430 0
1431 0
1432 0
1433 0
1434 0
1435 0
1436 0
1437 0
1438 0
1439 0
1440 0
1441 0
1442 0
1443 0
1444 0
1445 0
1446 0
1447 0
1448 0
1449 0
1450 0
1451 0
1452 0
1453 0
1454 0
1455 0
1456 0
1457 0
1458 0
1459 0
1460 0
1461 0
1462 0
1463 0
1464 0
1465 0
1466 0
1467 0
1468 0
1469 0
1470 0
1471 0
1472 0
1473 0
1474 0
1475 0
1476 0
1477 0
1478 0
1479 0
1480 0
1481 0
1482 0
1483 0
1484 0
1485 0
1486 0
1487 0
1488 0
1489 0
1490 0
1491 0
1492 0
1493 0
1494 0
1495 0
1496 0
1497 0
1498 0
1499 0
1500 0
1501 0
1502 0
1503 0
1504 0
1505 0
1506 0
1507 0
1508 0
1509 0
1510 0
1511 0
1512 0
1513 0
1514 0
1515 0
1516 0
1517 0
1518 0
1519 0
1520 0
1521 0
1522 0
1523 0
1524 0
1525 0
1526 0
1527 0
1528 0
1529 0
1530 0
1531 0
1532 0
1533 0
1534 0
1535 0
1536 0
1537 0
1538 0
1539 0
1540 0
1541 0
1542 0
1543 0
1544 0
1545 0
1546 0
1547 0
1548 0
1549 0
1550 0
1551 0
1552 0
1553 0
1554 0
1555 0
1556 0
1557 0
1558 0
1559 0
1560 0
1561 0
1562 0
1563 0
1564 0
1565 0
1566 0
1567 0
1568 0
1569 0
1570 0
1571 0
1572 0
1573 0
1574 0
1575 0
1576 0
1577 0
1578 0
1579 0
1580 0
1581 0
1582 0
1583 0
1584 0
1585 0
1586 0
1587 0
1588 0
1589 0
1590 0
1591 0
1592 0
1593 0
1594 0
1595 0
1596 0
1597 0
1598 0
1599 0
1600 0
1601 0
1602 0
1603 0
1604 0
1605 0
1606 0
1607 0
1608 0
1609 0
1610 0
1611 0
1612 0
1613 0
1614 0
1615 0
1616 0
1617 0
1618 0
1619 0
1620 0
1621 0
1622 0
1623 0
1624 0
1625 0
1626 0
1627 0
1628 0
1629 0
1630 0
1631 0
1632 0
1633 0
1634 0
1635 0
1636 0
1637 0
1638 0
1639 0
1640 0
1641 0
1642 0
1643 0
1644 0
1645 0
1646 0
1647 0
1648 0
1649 0
1650 0
1651 0
1652 0
1653 0
1654 0
1655 0
1656 0
1657 0
1658 0
1659 0
1660 0
1661 0
1662 0
1663 0
1664 0
1665 0
1666 9
1667 0
1668 0
1669 0
1670 0
1671 0
1672 0
1673 0
1674 10
1675 0
1676 0
1677 0
1678 0
1679 0
1680 0
1681 0
1682 0
1683 0
1684 0
1685 0
1686 0
1687 0
1688 0
1689 0
1690 0
1691 0
1692 0
1693 0
1694 0
1695 0
1696 0
1697 0
1698 0
1699 0
1700 0
1701 0
1702 0
1703 0
1704 0
1705 0
1706 0
1707 0
1708 0
1709 0
1710 0
1711 0
1712 0
1713 0
1714 0
1715 0
1716 0
1717 0
1718 0
1719 0
1720 0
1721 0
1722 0
1723 0
1724 0
1725 0
1726 0
1727 0
1728 0
1729 0
1730 0
1731 0
1732 0
1733 0
1734 0
1735 0
1736 0
1737 0
1738 0
1739 0
1740 0
1741 0
1742 0
1743 0
1744 0
1745 0
1746 0
1747 0
1748 0
1749 0
1750 0
1751 0
1752 0
1753 0
1754 0
1755 0
1756 0
1757 0
1758 0
1759 0
1760 0
1761 0
1762 0
1763 0
1764 0
1765 0
1766 0
1767 0
1768 0
1769 0
1770 0
1771 0
1772 0
1773 0
1774 11
1775 11
1776 11
1777 11
1778 11
1779 11
1780 11
1781 11
1782 11
1783 11
1784 11
1785 11
1786 11
1787 11
1788 11
1789 11
1790 11
1791 11
1792 11
1793 11
1794 11
1795 11
1796 11
1797 11
1798 11
1799 11
1800 11
1801 11
1802 11
1803 11
1804 11
1805 11
1806 11
1807 11
1808 11
1809 11
1810 11
1811 11
1812 11
1813 11
1814 11
1815 11
1816 11
1817 11
1818 11
1819 11
1820 11
1821 11
1822 11
1823 11
1824 11
1825 11
1826 11
1827 11
1828 11
1829 11
1830 11
1831 11
1832 11
1833 11
1834 11
1835 11
1836 11
1837 11
1838 11
1839 11
1840 11
1841 11
1842 11
1843 11
1844 11
1845 11
1846 11
1847 11
1848 11
1849 11
1850 11
1851 11
1852 11
1853 11
1854 11
1855 11
1856 11
1857 11
1858 11
1859 11
1860 11
1861 11
1862 11
1863 11
1864 11
1865 11
1866 11
1867 11
1868 11
1869 11
1870 11
1871 11
1872 11
1873 11
1874 11
1875 11
1876 11
1877 11
1878 11
1879 11
1880 11
1881 11
1882 11
1883 11
1884 11
1885 11
1886 11
1887 11
1888 11
1889 11
1890 11
1891 11
1892 11
1893 11
1894 11
1895 11
1896 11
1897 11
1898 11
1899 11
1900 11
1901 11
1902 11
1903 11
1904 11
1905 11
1906 11
1907 11
1908 11
1909 11
1910 11
1911 11
1912 11
1913 11
1914 11
1915 11
1916 11
1917 11
1918 11
1919 11
1920 11
1921 11
1922 11
1923 11
1924 11
1925 11
1926 11
1927 11
1928 11
1929 11
1930 11
1931 11
1932 11
1933 11
1934 11
1935 11
1936 11
1937 11
1938 11
1939 11
1940 11
1941 11
1942 11
1943 11
1944 11
1945 11
1946 11
1947 11
1948 11
1949 11
1950 11
1951 11
1952 11
1953 11
1954 11
1955 11
1956 11
1957 11
1958 11
1959 11
1960 11
1961 11
1962 11
1963 11
1964 11
1965 11
1966 11
1967 11
1968 11
1969 11
1970 11
1971 11
1972 11
1973 11
1974 11
1975 11
1976 11
1977 11
1978 11
1979 11
1980 11
1981 11
1982 11
1983 11
1984 11
1985 11
1986 11
1987 11
1988 11
1989 11
1990 11
1991 11
1992 11
1993 11
1994 11
1995 11
1996 11
1997 11
1998 11
1999 11
2000 11
2001 11
2002 11
2003 11
2004 11
2005 11
2006 11
2007 11
2008 11
2009 11
2010 11
2011 11
2012 11
2013 11
2014 11
2015 11
2016 11
2017 11
2018 11
2019 11
2020 11
2021 11
2022 11
2023 11
2024 11
2025 11
2026 11
2027 11
2028 11
2029 11
2030 11
2031 11
2032 11
2033 11
2034 11
2035 11
2036 11
2037 11
2038 11
2039 11
2040 11
2041 11
2042 11
2043 11
2044 11
2045 11
2046 11
2047 11
2048 11
2049 11
2050 11
2051 11
2052 11
2053 11
2054 11
2055 11
2056 11
2057 11
2058 11
2059 11
2060 11
2061 11
2062 11
2063 11
2064 11
2065 11
2066 11
2067 11
2068 11
2069 11
2070 11
2071 11
2072 11
2073 11
2074 11
2075 11
2076 11
2077 11
2078 11
2079 11
2080 11
2081 11
2082 11
2083 11
2084 11
2085 11
2086 11
2087 11
2088 11
2089 11
2090 11
2091 11
2092 11
2093 11
2094 11
2095 11
2096 11
2097 11
2098 11
2099 11
2100 11
2101 11
2102 11
2103 11
2104 11
2105 11
2106 11
2107 11
2108 11
2109 11
2110 11
2111 11
2112 11
2113 11
2114 11
2115 11
2116 11
2117 11
2118 11
2119 11
2120 11
2121 11
2122 11
2123 11
2124 11
2125 11
2126 11
2127 11
2128 11
2129 11
2130 11
2131 11
2132 11
2133 11
2134 11
2135 11
2136 11
2137 11
2138 11
2139 11
2140 11
2141 11
2142 11
2143 11
2144 11
2145 11
2146 11
2147 11
2148 11
2149 11
2150 11
2151 11
2152 11
2153 11
2154 11
2155 11
2156 11
2157 11
2158 11
2159 11
2160 11
2161 11
2162 11
2163 11
2164 11
2165 11
2166 11
2167 11
2168 11
2169 11
2170 11
2171 11
2172 11
2173 11
2174 11
2175 11
2176 11
2177 11
2178 11
2179 11
2180 11
2181 11
2182 11
2183 11
2184 11
2185 11
2186 11
2187 11
2188 11
2189 11
2190 11
2191 11
2192 11
2193 11
2194 11
2195 11
2196 11
2197 11
2198 11
2199 11
2200 11
2201 12
2202 12
2203 12
2204 12
2205 12
2206 12
2207 12
2208 12
2209 12
2210 12
2211 12
2212 12
2213 12
2214 12
2215 12
2216 12
2217 12
2218 12
2219 12
2220 12
2221 12
2222 12
2223 12
2224 12
2225 12
2226 12
2227 12
2228 12
2229 12
2230 12
2231 12
2232 12
2233 12
2234 12
2235 12
2236 12
2237 12
2238 12
2239 12
2240 12
2241 12
2242 12
2243 12
2244 12
2245 12
2246 12
2247 12
2248 12
2249 12
2250 12
2251 12
2252 12
2253 12
2254 12
2255 12
2256 12
2257 12
2258 12
2259 12
2260 12
2261 12
2262 12
2263 12
2264 12
2265 12
2266 12
2267 12
2268 12
2269 12
2270 12
2271 12
2272 12
2273 12
2274 12
2275 12
2276 12
2277 12
2278 12
2279 12
2280 12
2281 12
2282 12
2283 12
2284 12
2285 12
2286 12
2287 12
2288 12
2289 12
2290 12
2291 12
2292 12
2293 12
2294 12
2295 12
2296 12
2297 12
2298 12
2299 12
2300 12
2301 12
2302 12
2303 12
2304 12
2305 12
2306 12
2307 12
2308 12
2309 12
2310 12
2311 12
2312 12
2313 12
2314 12
2315 12
2316 12
2317 12
2318 12
2319 12
2320 12
2321 12
2322 12
2323 12
2324 12
2325 12
2326 12
2327 12
2328 12
2329 12
2330 12
2331 12
2332 12
2333 12
2334 12
2335 12
2336 12
2337 12
2338 12
2339 12
2340 12
2341 12
2342 12
2343 12
2344 12
2345 12
2346 12
2347 12
2348 12
2349 12
2350 12
2351 12
2352 12
2353 12
2354 12
2355 12
2356 12
2357 12
2358 12
2359 12
2360 12
2361 12
2362 12
2363 12
2364 12
2365 12
2366 12
2367 12
2368 12
2369 12
2370 12
2371 12
2372 12
2373 12
2374 12
2375 12
2376 12
2377 12
2378 12
2379 12
2380 12
2381 12
2382 12
2383 12
2384 12
2385 12
2386 12
2387 12
2388 12
2389 12
2390 12
2391 12
2392 12
2393 12
2394 12
2395 12
2396 12
2397 12
2398 12
2399 12
2400 12
2401 12
2402 12
2403 12
2404 12
2405 12
2406 12
2407 12
2408 12
2409 12
2410 12
2411 12
2412 12
2413 12
2414 12
2415 12
2416 12
2417 12
2418 12
2419 12
2420 12
2421 12
2422 12
2423 12
2424 12
2425 12
2426 12
2427 12
2428 12
2429 12
2430 12
2431 12
2432 12
2433 12
2434 12
2435 12
2436 12
2437 12
2438 12
2439 12
2440 12
2441 12
2442 12
2443 12
2444 12
2445 12
2446 12
2447 12
2448 12
2449 12
2450 12
2451 12
2452 12
2453 12
2454 12
2455 12
2456 12
2457 12
2458 12
2459 12
2460 12
2461 12
2462 12
2463 12
2464 12
2465 12
2466 12
2467 12
2468 12
2469 12
2470 12
2471 12
2472 12
2473 12
2474 12
2475 12
2476 12
2477 12
2478 12
2479 12
2480 12
2481 12
2482 12
2483 12
2484 12
2485 12
2486 12
2487 12
2488 12
2489 12
2490 12
2491 12
2492 12
2493 12
2494 12
2495 12
2496 12
2497 12
2498 12
2499 12
2500 12
2501 12
2502 12
2503 12
2504 12
2505 12
2506 12
2507 12
2508 12
2509 12
2510 12
2511 12
2512 12
2513 12
2514 12
2515 12
2516 12
2517 12
2518 12
2519 12
2520 12
2521 12
2522 12
2523 12
2524 12
2525 12
2526 12
2527 12
2528 12
2529 12
2530 12
2531 12
2532 12
2533 12
2534 12
2535 12
2536 12
2537 12
2538 12
2539 12
2540 12
2541 12
2542 12
2543 12
2544 12
2545 12
2546 12
2547 12
2548 12
2549 12
2550 12
2551 12
2552 12
2553 12
2554 12
2555 12
2556 12
2557 12
2558 12
2559 12
2560 12
2561 12
2562 12
2563 12
2564 12
2565 12
2566 12
2567 12
2568 12
2569 12
2570 12
2571 12
2572 12
2573 12
2574 12
2575 12
2576 12
2577 12
2578 12
2579 12
2580 12
2581 12
2582 12
2583 12
2584 12
2585 12
2586 12
2587 12
2588 12
2589 12
2590 12
2591 12
2592 12
2593 12
2594 12
2595 12
2596 12
2597 12
2598 12
2599 12
2600 12
2601 12
2602 12
2603 12
2604 12
2605 12
2606 12
2607 12
2608 12
2609 12
2610 12
2611 12
2612 12
2613 12
2614 12
2615 12
2616 12
2617 12
2618 12
2619 12
2620 12
2621 12
2622 12
2623 12
2624 12
2625 12
2626 12
2627 12
2628 10
2629 10
2630 10
2631 10
2632 10
2633 10
2634 10
2635 10
2636 10
2637 10
2638 10
2639 10
2640 10
2641 10
2642 10
2643 10
2644 10
2645 10
2646 10
2647 10
2648 10
2649 10
2650 10
2651 10
2652 10
2653 10
2654 10
2655 10
2656 10
2657 10
2658 10
2659 10
2660 10
2661 10
2662 10
2663 10
2664 10
2665 10
2666 10
2667 10
2668 10
2669 10
2670 10
2671 10
2672 10
2673 10
2674 10
2675 10
2676 10
2677 10
2678 10
2679 10
2680 10
2681 10
2682 10
2683 10
2684 10
2685 10
2686 10
2687 10
2688 10
2689 10
2690 10
2691 10
2692 10
2693 10
2694 10
2695 10
2696 10
2697 10
2698 10
2699 10
2700 10
2701 10
2702 10
2703 10
2704 10
2705 10
2706 10
2707 10
2708 10
2709 10
2710 10
2711 10
2712 10
2713 10
2714 10
2715 10
2716 10
2717 10
2718 10
2719 10
2720 10
2721 10
2722 10
2723 10
2724 10
2725 10
2726 0
2727 10
2728 10
2729 10
2730 10
2731 10
2732 10
2733 10
2734 10
2735 10
2736 10
2737 10
2738 10
2739 10
2740 10
2741 10
2742 10
2743 10
2744 10
2745 10
2746 10
2747 10
2748 10
2749 10
2750 10
2751 10
2752 10
2753 10
2754 10
2755 10
2756 10
2757 10
2758 10
2759 10
2760 10
2761 10
2762 10
2763 10
2764 10
2765 10
2766 10
2767 10
2768 10
2769 10
2770 10
2771 10
2772 10
2773 10
2774 10
2775 10
2776 10
2777 10
2778 10
2779 10
2780 10
2781 10
2782 10
2783 10
2784 10
2785 10
2786 10
2787 10
2788 10
2789 10
2790 10
2791 10
2792 10
2793 10
2794 10
2795 10
2796 10
2797 10
2798 10
2799 10
2800 10
2801 10
2802 10
2803 10
2804 10
2805 10
2806 10
2807 10
2808 10
2809 10
2810 10
2811 10
2812 10
2813 10
2814 10
2815 10
2816 10
2817 10
2818 10
2819 10
2820 10
2821 10
2822 10
2823 10
2824 10
2825 10
2826 10
2827 10
2828 10
2829 10
2830 10
2831 10
2832 10
2833 10
2834 10
2835 10
2836 10
2837 10
2838 10
2839 10
2840 10
2841 10
2842 10
2843 10
2844 10
2845 10
2846 10
2847 10
2848 10
2849 10
2850 10
2851 10
2852 10
2853 10
2854 10
2855 10
2856 10
2857 10
2858 10
2859 10
2860 10
2861 10
2862 10
2863 10
2864 10
2865 10
2866 10
2867 10
2868 10
2869 10
2870 10
2871 10
2872 10
2873 10
2874 10
2875 10
2876 10
2877 10
2878 10
2879 10
2880 10
2881 10
2882 10
2883 10
2884 10
2885 10
2886 10
2887 10
2888 10
2889 10
2890 10
2891 10
2892 10
2893 10
2894 10
2895 10
2896 10
2897 10
2898 10
2899 10
2900 10
2901 10
2902 10
2903 10
2904 10
2905 10
2906 10
2907 10
2908 10
2909 10
2910 10
2911 10
2912 10
2913 10
2914 10
2915 10
2916 10
2917 10
2918 10
2919 10
2920 10
2921 10
2922 10
2923 10
2924 10
2925 10
2926 10
2927 10
2928 10
2929 10
2930 10
2931 10
2932 0
2933 10
2934 10
2935 10
2936 10
2937 10
2938 10
2939 10
2940 10
2941 10
2942 10
2943 10
2944 10
2945 10
2946 10
2947 10
2948 10
2949 10
2950 10
2951 10
2952 10
2953 10
2954 10
2955 10
2956 10
2957 10
2958 10
2959 10
2960 10
2961 10
2962 10
2963 10
2964 10
2965 10
2966 10
2967 10
2968 10
2969 10
2970 10
2971 10
2972 10
2973 10
2974 10
2975 10
2976 10
2977 10
2978 10
2979 10
2980 10
2981 10
2982 10
2983 10
2984 10
2985 10
2986 10
2987 10
2988 10
2989 10
2990 10
2991 10
2992 10
2993 10
2994 10
2995 10
2996 10
2997 10
2998 10
2999 10
3000 10
3001 10
3002 10
3003 10
3004 10
3005 10
3006 10
3007 10
3008 10
3009 10
3010 10
3011 10
3012 10
3013 10
3014 10
3015 10
3016 10
3017 10
3018 10
3019 10
3020 10
3021 10
3022 10
3023 10
3024 10
3025 10
3026 10
3027 10
3028 10
3029 10
3030 10
3031 10
3032 10
3033 10
3034 10
3035 10
3036 10
3037 10
3038 10
3039 10
3040 10
3041 10
3042 10
3043 10
3044 10
3045 10
3046 10
3047 10
3048 10
3049 10
3050 10
3051 10
3052 10
3053 10
3054 10
3055 13
3056 13
3057 13
3058 13
3059 13
3060 13
3061 13
3062 13
3063 13
3064 13
3065 13
3066 13
3067 13
3068 13
3069 13
3070 13
3071 13
3072 13
3073 13
3074 13
3075 13
3076 13
3077 13
3078 13
3079 13
3080 13
3081 13
3082 13
3083 13
3084 13
3085 13
3086 13
3087 13
3088 13
3089 13
3090 13
3091 13
3092 13
3093 13
3094 13
3095 13
3096 13
3097 13
3098 13
3099 13
3100 13
3101 13
3102 13
3103 13
3104 13
3105 13
3106 13
3107 13
3108 13
3109 13
3110 13
3111 13
3112 13
3113 13
3114 13
3115 13
3116 13
3117 13
3118 13
3119 13
3120 13
3121 13
3122 13
3123 13
3124 13
3125 13
3126 13
3127 13
3128 13
3129 13
3130 13
3131 13
3132 13
3133 13
3134 13
3135 13
3136 13
3137 13
3138 13
3139 13
3140 13
3141 13
3142 13
3143 13
3144 13
3145 13
3146 13
3147 13
3148 13
3149 13
3150 13
3151 13
3152 13
3153 13
3154 13
3155 13
3156 13
3157 13
3158 13
3159 13
3160 13
3161 13
3162 13
3163 13
3164 13
3165 13
3166 13
3167 13
3168 13
3169 13
3170 13
3171 13
3172 13
3173 13
3174 13
3175 13
3176 13
3177 13
3178 13
3179 13
3180 13
3181 13
3182 13
3183 13
3184 13
3185 13
3186 13
3187 13
3188 13
3189 13
3190 13
3191 13
3192 13
3193 13
3194 13
3195 13
3196 13
3197 13
3198 13
3199 13
3200 13
3201 13
3202 13
3203 13
3204 13
3205 13
3206 13
3207 13
3208 13
3209 13
3210 13
3211 13
3212 13
3213 13
3214 13
3215 13
3216 13
3217 13
3218 13
3219 13
3220 13
3221 13
3222 13
3223 13
3224 13
3225 13
3226 13
3227 13
3228 13
3229 13
3230 13
3231 13
3232 13
3233 13
3234 13
3235 13
3236 13
3237 13
3238 13
3239 13
3240 13
3241 13
3242 13
3243 13
3244 13
3245 13
3246 13
3247 13
3248 13
3249 13
3250 13
3251 13
3252 13
3253 13
3254 13
3255 13
3256 13
3257 13
3258 13
3259 13
3260 13
3261 13
3262 13
3263 13
3264 13
3265 13
3266 13
3267 13
3268 13
3269 13
3270 13
3271 13
3272 13
3273 13
3274 13
3275 13
3276 13
3277 13
3278 13
3279 13
3280 13
3281 13
3282 13
3283 13
3284 13
3285 13
3286 13
3287 13
3288 13
3289 13
3290 13
3291 13
3292 13
3293 13
3294 13
3295 13
3296 13
3297 13
3298 13
3299 13
3300 13
3301 13
3302 13
3303 13
3304 13
3305 13
3306 13
3307 13
3308 13
3309 13
3310 13
3311 13
3312 13
3313 13
3314 13
3315 13
3316 13
3317 13
3318 13
3319 13
3320 13
3321 13
3322 13
3323 13
3324 13
3325 13
3326 13
3327 13
3328 13
3329 13
3330 13
3331 13
3332 13
3333 13
3334 13
3335 13
3336 13
3337 13
3338 13
3339 13
3340 13
3341 13
3342 13
3343 13
3344 13
3345 13
3346 13
3347 13
3348 13
3349 13
3350 13
3351 13
3352 13
3353 13
3354 13
3355 13
3356 13
3357 13
3358 13
3359 13
3360 13
3361 13
3362 13
3363 13
3364 13
3365 13
3366 13
3367 13
3368 13
3369 13
3370 13
3371 13
3372 13
3373 13
3374 13
3375 13
3376 13
3377 13
3378 13
3379 13
3380 13
3381 13
3382 13
3383 13
3384 13
3385 13
3386 13
3387 13
3388 13
3389 13
3390 13
3391 13
3392 13
3393 13
3394 13
3395 13
3396 13
3397 13
3398 13
3399 13
3400 13
3401 13
3402 13
3403 13
3404 13
3405 13
3406 13
3407 13
3408 13
3409 13
3410 13
3411 13
3412 13
3413 13
3414 13
3415 13
3416 13
3417 13
3418 13
3419 13
3420 13
3421 13
3422 13
3423 13
3424 13
3425 13
3426 13
3427 13
3428 13
3429 13
3430 13
3431 13
3432 13
3433 13
3434 13
3435 13
3436 13
3437 13
3438 13
3439 13
3440 13
3441 13
3442 13
3443 13
3444 13
3445 13
3446 13
3447 13
3448 13
3449 13
3450 13
3451 13
3452 13
3453 13
3454 13
3455 13
3456 13
3457 13
3458 13
3459 13
3460 13
3461 13
3462 13
3463 13
3464 13
3465 13
3466 13
3467 13
3468 13
3469 13
3470 13
3471 13
3472 13
3473 13
3474 13
3475 13
3476 13
3477 13
3478 13
3479 13
3480 13
3481 13
3482 0
3483 0
3484 0
3485 0
3486 9
3487 9
3488 9
3489 9
3490 0
3491 0
3492 0
3493 0
3494 0
3495 0
3496 0
3497 0
3498 0
3499 0
3500 0
3501 0
3502 0
3503 0
3504 0
3505 0
3506 0
3507 0
3508 0
3509 0
3510 0
3511 0
3512 0
3513 0
3514 0
3515 0
3516 0
3517 0
3518 0
3519 0
3520 0
3521 0
3522 0
3523 0
3524 0
3525 0
3526 0
3527 0
3528 0
3529 0
3530 0
3531 0
3532 0
3533 0
3534 0
3535 0
3536 0
3537 0
3538 0
3539 0
3540 0
3541 0
3542 0
3543 0
3544 0
3545 0
3546 0
3547 0
3548 0
3549 9
3550 9
3551 0
3552 0
3553 0
3554 0
3555 9
3556 9
3557 9
3558 9
3559 9
3560 9
3561 9
3562 9
3563 9
3564 9
3565 9
3566 9
3567 9
3568 9
3569 9
3570 9
3571 9
3572 9
3573 9
3574 9
3575 9
3576 9
3577 9
3578 9
3579 9
3580 9
3581 9
3582 9
3583 9
3584 9
3585 9
3586 9
3587 9
3588 9
3589 9
3590 9
3591 9
3592 9
3593 9
3594 9
3595 9
3596 9
3597 9
3598 9
3599 9
3600 9
3601 9
3602 9
3603 9
3604 9
3605 9
3606 9
3607 9
3608 9
3609 9
3610 9
3611 9
3612 9
3613 9
3614 9
3615 9
3616 9
3617 9
3618 9
3619 9
3620 9
3621 9
3622 9
3623 9
3624 9
3625 9
3626 9
3627 9
3628 9
3629 9
3630 9
3631 9
3632 9
3633 9
3634 9
3635 9
3636 9
3637 9
3638 9
3639 9
3640 9
3641 9
3642 9
3643 9
3644 9
3645 9
3646 9
3647 9
3648 9
3649 9
3650 9
3651 9
3652 9
3653 9
3654 9
3655 9
3656 9
3657 9
3658 9
3659 9
3660 9
3661 9
3662 9
3663 9
3664 9
3665 9
3666 9
3667 9
3668 9
3669 9
3670 9
3671 9
3672 9
3673 9
3674 9
3675 9
3676 9
3677 9
3678 9
3679 9
3680 9
3681 9
3682 9
3683 9
3684 9
3685 9
3686 9
3687 9
3688 9
3689 9
3690 9
3691 9
3692 9
3693 9
3694 9
3695 9
3696 9
3697 9
3698 9
3699 9
3700 9
3701 9
3702 9
3703 9
3704 9
3705 9
3706 9
3707 9
3708 9
3709 9
3710 9
3711 9
3712 9
3713 9
3714 9
3715 9
3716 9
3717 9
3718 9
3719 9
3720 9
3721 9
3722 9
3723 9
3724 9
3725 9
3726 9
3727 9
3728 9
3729 9
3730 9
3731 9
3732 9
3733 9
3734 9
3735 9
3736 9
3737 9
3738 9
3739 9
3740 9
3741 9
3742 9
3743 9
3744 9
3745 9
3746 9
3747 9
3748 9
3749 9
3750 9
3751 9
3752 9
3753 9
3754 9
3755 9
3756 9
3757 9
3758 9
3759 9
3760 9
3761 9
3762 9
3763 9
3764 9
3765 9
3766 9
3767 9
3768 9
3769 9
3770 9
3771 9
3772 9
3773 9
3774 9
3775 9
3776 9
3777 9
3778 9
3779 9
3780 9
3781 9
3782 0
3783 0
3784 0
3785 0
3786 0
3787 0
3788 0
3789 9
3790 9
3791 9
3792 0
3793 0
3794 0
3795 0
3796 0
3797 0
3798 0
3799 0
3800 0
3801 0
3802 0
3803 0
3804 0
3805 0
3806 0
3807 0
3808 0
3809 0
3810 0
3811 0
3812 0
3813 0
3814 0
3815 0
3816 0
3817 0
3818 0
3819 0
3820 0
3821 0
3822 0
3823 0
3824 0
3825 0
3826 0
3827 0
3828 0
3829 0
3830 0
3831 0
3832 0
3833 0
3834 0
3835 0
3836 0
3837 0
3838 0
3839 0
3840 0
3841 0
3842 0
3843 0
3844 0
3845 0
3846 0
3847 0
3848 0
3849 0
3850 0
3851 0
3852 0
3853 0
3854 0
3855 0
3856 0
3857 0
3858 0
3859 0
3860 0
3861 0
3862 0
3863 0
3864 0
3865 0
3866 0
3867 0
3868 0
3869 0
3870 0
3871 0
3872 0
3873 0
3874 0
3875 0
3876 0
3877 0
3878 0
3879 0
3880 0
3881 0
3882 0
3883 0
3884 0
3885 0
3886 0
3887 0
3888 0
3889 0
3890 0
3891 0
3892 0
3893 0
3894 0
3895 0
3896 0
3897 0
3898 0
3899 0
3900 0
3901 0
3902 9
3903 9
3904 9
3905 9
3906 9
3907 9
3908 9
3909 9
3910 21
3911 21
3912 21
3913 21
3914 21
3915 21
3916 21
3917 21
3918 21
3919 21
3920 21
3921 21
3922 21
3923 21
3924 21
3925 21
3926 21
3927 21
3928 21
3929 21
3930 21
3931 21
3932 21
3933 21
3934 21
3935 21
3936 21
3937 21
3938 21
3939 21
3940 21
3941 21
3942 21
3943 21
3944 21
3945 21
3946 21
3947 21
3948 21
3949 21
3950 21
3951 21
3952 21
3953 21
3954 21
3955 21
3956 21
3957 21
3958 21
3959 21
3960 21
3961 21
3962 21
3963 21
3964 21
3965 21
3966 21
3967 21
3968 21
3969 21
3970 21
3971 21
3972 21
3973 21
3974 21
3975 21
3976 21
3977 21
3978 21
3979 21
3980 21
3981 21
3982 21
3983 21
3984 21
3985 21
3986 21
3987 21
3988 21
3989 21
3990 21
3991 21
3992 21
3993 21
3994 21
3995 21
3996 21
3997 21
3998 21
3999 21
4000 21
4001 21
4002 21
4003 21
4004 21
4005 21
4006 21
4007 21
4008 21
4009 21
4010 21
4011 21
4012 21
4013 21
4014 21
4015 21
4016 0
4017 21
4018 21
4019 21
4020 21
4021 21
4022 21
4023 21
4024 21
4025 21
4026 21
4027 21
4028 21
4029 21
4030 21
4031 21
4032 21
4033 21
4034 21
4035 21
4036 21
4037 21
4038 21
4039 21
4040 21
4041 21
4042 21
4043 21
4044 21
4045 21
4046 21
4047 21
4048 21
4049 21
4050 21
4051 21
4052 21
4053 21
4054 21
4055 21
4056 21
4057 21
4058 21
4059 21
4060 21
4061 21
4062 21
4063 21
4064 21
4065 21
4066 21
4067 21
4068 21
4069 21
4070 21
4071 21
4072 21
4073 21
4074 21
4075 21
4076 21
4077 21
4078 21
4079 21
4080 21
4081 21
4082 21
4083 21
4084 21
4085 21
4086 21
4087 21
4088 21
4089 21
4090 21
4091 21
4092 21
4093 21
4094 21
4095 21
4096 21
4097 21
4098 21
4099 21
4100 21
4101 21
4102 21
4103 21
4104 21
4105 21
4106 21
4107 21
4108 21
4109 21
4110 21
4111 21
4112 21
4113 21
4114 21
4115 21
4116 21
4117 21
4118 21
4119 21
4120 7
4121 7
4122 7
4123 7
4124 7
4125 7
4126 7
4127 7
4128 7
4129 7
4130 7
4131 7
4132 7
4133 7
4134 7
4135 7
4136 7
4137 7
4138 7
4139 7
4140 7
4141 7
4142 7
4143 7
4144 7
4145 7
4146 7
4147 7
4148 7
4149 7
4150 7
4151 7
4152 7
4153 7
4154 7
4155 7
4156 7
4157 7
4158 7
4159 7
4160 7
4161 7
4162 7
4163 7
4164 7
4165 7
4166 7
4167 7
4168 7
4169 7
4170 7
4171 7
4172 7
4173 7
4174 7
4175 7
4176 7
4177 7
4178 7
4179 7
4180 7
4181 7
4182 7
4183 7
4184 7
4185 7
4186 7
4187 7
4188 7
4189 7
4190 7
4191 7
4192 7
4193 7
4194 7
4195 7
4196 7
4197 7
4198 9
4199 7
4200 7
4201 7
4202 9
4203 7
4204 7
4205 7
4206 7
4207 9
4208 9
4209 7
4210 7
4211 7
4212 7
4213 7
4214 7
4215 7
4216 0
4217 7
4218 7
4219 7
4220 7
4221 7
4222 7
4223 7
4224 7
4225 7
4226 7
4227 7
4228 7
4229 7
4230 7
4231 7
4232 7
4233 7
4234 7
4235 7
4236 7
4237 7
4238 7
4239 7
4240 7
4241 7
4242 7
4243 7
4244 7
4245 7
4246 7
4247 7
4248 7
4249 7
4250 7
4251 7
4252 7
4253 7
4254 7
4255 7
4256 7
4257 7
4258 7
4259 7
4260 7
4261 7
4262 7
4263 7
4264 7
4265 7
4266 7
4267 7
4268 7
4269 7
4270 7
4271 7
4272 7
4273 7
4274 7
4275 7
4276 7
4277 7
4278 7
4279 7
4280 7
4281 7
4282 7
4283 7
4284 7
4285 7
4286 7
4287 7
4288 7
4289 7
4290 7
4291 7
4292 7
4293 7
4294 7
4295 7
4296 7
4297 7
4298 7
4299 7
4300 7
4301 7
4302 7
4303 7
4304 7
4305 7
4306 7
4307 7
4308 7
4309 7
4310 7
4311 7
4312 7
4313 7
4314 7
4315 7
4316 7
4317 7
4318 7
4319 7
4320 7
4321 7
4322 7
4323 7
4324 7
4325 7
4326 7
4327 7
4328 7
4329 7
4330 7
4331 18
4332 18
4333 18
4334 18
4335 18
4336 18
4337 18
4338 18
4339 18
4340 18
4341 18
4342 18
4343 18
4344 18
4345 18
4346 18
4347 18
4348 18
4349 18
4350 18
4351 18
4352 18
4353 18
4354 18
4355 18
4356 18
4357 18
4358 18
4359 18
4360 18
4361 18
4362 18
4363 18
4364 18
4365 18
4366 18
4367 18
4368 18
4369 18
4370 18
4371 18
4372 18
4373 18
4374 18
4375 18
4376 18
4377 18
4378 18
4379 18
4380 18
4381 18
4382 18
4383 18
4384 18
4385 18
4386 18
4387 18
4388 18
4389 18
4390 18
4391 18
4392 18
4393 18
4394 18
4395 18
4396 18
4397 18
4398 18
4399 18
4400 18
4401 18
4402 18
4403 18
4404 18
4405 18
4406 18
4407 18
4408 18
4409 18
4410 18
4411 18
4412 18
4413 18
4414 18
4415 18
4416 18
4417 18
4418 18
4419 18
4420 18
4421 18
4422 18
4423 18
4424 18
4425 18
4426 18
4427 18
4428 18
4429 18
4430 18
4431 18
4432 18
4433 18
4434 18
4435 18
4436 18
4437 18
4438 18
4439 18
4440 18
4441 18
4442 18
4443 18
4444 18
4445 18
4446 18
4447 18
4448 18
4449 18
4450 18
4451 18
4452 18
4453 18
4454 18
4455 18
4456 18
4457 18
4458 18
4459 18
4460 18
4461 18
4462 18
4463 18
4464 18
4465 18
4466 18
4467 18
4468 18
4469 18
4470 18
4471 18
4472 18
4473 18
4474 18
4475 18
4476 18
4477 18
4478 18
4479 18
4480 18
4481 18
4482 18
4483 18
4484 18
4485 18
4486 18
4487 18
4488 18
4489 18
4490 18
4491 18
4492 18
4493 18
4494 18
4495 18
4496 18
4497 18
4498 18
4499 18
4500 18
4501 18
4502 18
4503 18
4504 18
4505 18
4506 18
4507 18
4508 18
4509 18
4510 18
4511 18
4512 18
4513 18
4514 18
4515 18
4516 18
4517 18
4518 18
4519 18
4520 18
4521 18
4522 19
4523 19
4524 19
4525 19
4526 19
4527 19
4528 19
4529 19
4530 19
4531 19
4532 19
4533 19
4534 19
4535 19
4536 19
4537 19
4538 19
4539 19
4540 19
4541 19
4542 19
4543 19
4544 19
4545 19
4546 19
4547 19
4548 19
4549 19
4550 19
4551 19
4552 19
4553 19
4554 19
4555 19
4556 19
4557 19
4558 19
4559 19
4560 19
4561 19
4562 19
4563 19
4564 19
4565 19
4566 19
4567 19
4568 19
4569 19
4570 19
4571 19
4572 19
4573 19
4574 19
4575 19
4576 19
4577 19
4578 19
4579 19
4580 19
4581 19
4582 19
4583 19
4584 19
4585 19
4586 19
4587 19
4588 19
4589 19
4590 19
4591 19
4592 19
4593 19
4594 19
4595 19
4596 19
4597 19
4598 19
4599 19
4600 19
4601 19
4602 19
4603 19
4604 19
4605 19
4606 19
4607 19
4608 19
4609 19
4610 19
4611 19
4612 19
4613 19
4614 19
4615 19
4616 19
4617 19
4618 19
4619 19
4620 19
4621 19
4622 19
4623 19
4624 19
4625 19
4626 19
4627 19
4628 19
4629 19
4630 19
4631 19
4632 19
4633 19
4634 19
4635 19
4636 19
4637 19
4638 19
4639 19
4640 19
4641 19
4642 19
4643 19
4644 19
4645 19
4646 19
4647 19
4648 19
4649 19
4650 19
4651 19
4652 19
4653 19
4654 19
4655 19
4656 19
4657 19
4658 19
4659 19
4660 19
4661 19
4662 19
4663 19
4664 19
4665 19
4666 19
4667 19
4668 19
4669 19
4670 19
4671 19
4672 19
4673 19
4674 19
4675 19
4676 19
4677 19
4678 19
4679 19
4680 19
4681 19
4682 19
4683 19
4684 19
4685 19
4686 19
4687 19
4688 19
4689 19
4690 19
4691 19
4692 19
4693 19
4694 19
4695 19
4696 19
4697 19
4698 19
4699 19
4700 19
4701 19
4702 19
4703 19
4704 19
4705 19
4706 19
4707 19
4708 19
4709 19
4710 19
4711 19
4712 19
4713 17
4714 17
4715 17
4716 17
4717 17
4718 17
4719 17
4720 17
4721 17
4722 17
4723 17
4724 17
4725 17
4726 17
4727 17
4728 17
4729 17
4730 17
4731 17
4732 17
4733 17
4734 17
4735 17
4736 17
4737 17
4738 17
4739 17
4740 17
4741 17
4742 17
4743 17
4744 17
4745 17
4746 17
4747 17
4748 17
4749 17
4750 17
4751 17
4752 17
4753 17
4754 17
4755 17
4756 17
4757 17
4758 17
4759 17
4760 17
4761 17
4762 17
4763 17
4764 17
4765 17
4766 17
4767 17
4768 17
4769 17
4770 17
4771 17
4772 17
4773 17
4774 17
4775 17
4776 17
4777 17
4778 17
4779 17
4780 17
4781 17
4782 17
4783 17
4784 17
4785 17
4786 17
4787 17
4788 17
4789 17
4790 17
4791 17
4792 17
4793 17
4794 17
4795 17
4796 17
4797 17
4798 17
4799 17
4800 17
4801 17
4802 17
4803 17
4804 17
4805 17
4806 17
4807 17
4808 17
4809 17
4810 17
4811 17
4812 17
4813 17
4814 17
4815 17
4816 17
4817 17
4818 17
4819 17
4820 17
4821 17
4822 17
4823 17
4824 17
4825 17
4826 17
4827 17
4828 17
4829 17
4830 17
4831 17
4832 17
4833 17
4834 17
4835 17
4836 17
4837 17
4838 17
4839 17
4840 17
4841 17
4842 17
4843 17
4844 17
4845 17
4846 17
4847 17
4848 17
4849 17
4850 17
4851 17
4852 17
4853 17
4854 17
4855 17
4856 17
4857 17
4858 17
4859 17
4860 17
4861 17
4862 17
4863 17
4864 17
4865 17
4866 17
4867 17
4868 17
4869 17
4870 17
4871 17
4872 17
4873 17
4874 17
4875 17
4876 17
4877 17
4878 17
4879 17
4880 17
4881 17
4882 17
4883 17
4884 17
4885 17
4886 17
4887 17
4888 17
4889 17
4890 17
4891 17
4892 17
4893 17
4894 17
4895 17
4896 17
4897 17
4898 17
4899 17
4900 17
4901 17
4902 17
4903 17
4904 20
4905 20
4906 20
4907 20
4908 20
4909 20
4910 20
4911 20
4912 20
4913 20
4914 20
4915 20
4916 20
4917 20
4918 20
4919 20
4920 20
4921 20
4922 20
4923 20
4924 20
4925 20
4926 20
4927 20
4928 20
4929 20
4930 20
4931 20
4932 20
4933 20
4934 20
4935 20
4936 20
4937 20
4938 20
4939 20
4940 20
4941 20
4942 20
4943 20
4944 20
4945 20
4946 20
4947 20
4948 20
4949 20
4950 20
4951 20
4952 20
4953 20
4954 20
4955 20
4956 20
4957 20
4958 20
4959 20
4960 20
4961 20
4962 20
4963 20
4964 20
4965 20
4966 20
4967 20
4968 20
4969 20
4970 20
4971 20
4972 20
4973 20
4974 20
4975 20
4976 20
4977 20
4978 20
4979 20
4980 20
4981 20
4982 20
4983 20
4984 20
4985 20
4986 20
4987 20
4988 20
4989 20
4990 20
4991 20
4992 20
4993 20
4994 20
4995 20
4996 20
4997 20
4998 20
4999 20
5000 20
5001 20
5002 20
5003 20
5004 20
5005 20
5006 20
5007 20
5008 20
5009 20
5010 20
5011 20
5012 20
5013 20
5014 20
5015 20
5016 20
5017 20
5018 20
5019 20
5020 20
5021 20
5022 20
5023 20
5024 20
5025 20
5026 20
5027 20
5028 20
5029 20
5030 20
5031 20
5032 20
5033 20
5034 20
5035 20
5036 20
5037 20
5038 20
5039 20
5040 20
5041 20
5042 20
5043 20
5044 20
5045 20
5046 20
5047 20
5048 20
5049 20
5050 20
5051 20
5052 20
5053 20
5054 20
5055 20
5056 20
5057 20
5058 20
5059 20
5060 20
5061 20
5062 20
5063 20
5064 20
5065 20
5066 20
5067 20
5068 20
5069 20
5070 20
5071 20
5072 20
5073 20
5074 20
5075 20
5076 20
5077 20
5078 20
5079 20
5080 20
5081 20
5082 20
5083 20
5084 20
5085 20
5086 20
5087 20
5088 20
5089 20
5090 20
5091 20
5092 20
5093 20
5094 20
5095 16
5096 16
5097 16
5098 16
5099 16
5100 16
5101 16
5102 16
5103 16
5104 16
5105 16
5106 16
5107 16
5108 16
5109 16
5110 16
5111 16
5112 16
5113 16
5114 16
5115 16
5116 16
5117 16
5118 16
5119 16
5120 16
5121 16
5122 16
5123 16
5124 16
5125 16
5126 16
5127 16
5128 16
5129 16
5130 16
5131 16
5132 16
5133 16
5134 16
5135 16
5136 16
5137 16
5138 16
5139 16
5140 16
5141 16
5142 16
5143 16
5144 16
5145 16
5146 16
5147 16
5148 16
5149 16
5150 16
5151 16
5152 16
5153 16
5154 16
5155 16
5156 16
5157 16
5158 16
5159 16
5160 16
5161 16
5162 16
5163 16
5164 16
5165 16
5166 16
5167 16
5168 16
5169 16
5170 16
5171 16
5172 16
5173 16
5174 16
5175 16
5176 16
5177 16
5178 16
5179 16
5180 16
5181 16
5182 16
5183 16
5184 16
5185 16
5186 16
5187 16
5188 16
5189 16
5190 16
5191 16
5192 16
5193 16
5194 16
5195 16
5196 16
5197 16
5198 16
5199 16
5200 16
5201 16
5202 16
5203 16
5204 16
5205 16
5206 16
5207 16
5208 16
5209 16
5210 16
5211 16
5212 16
5213 16
5214 16
5215 16
5216 16
5217 16
5218 16
5219 16
5220 16
5221 16
5222 16
5223 16
5224 16
5225 16
5226 16
5227 16
5228 16
5229 16
5230 16
5231 16
5232 16
5233 16
5234 16
5235 16
5236 16
5237 16
5238 16
5239 16
5240 16
5241 16
5242 16
5243 16
5244 16
5245 16
5246 16
5247 16
5248 16
5249 16
5250 16
5251 16
5252 16
5253 16
5254 16
5255 16
5256 16
5257 16
5258 16
5259 16
5260 16
5261 16
5262 16
5263 16
5264 16
5265 16
5266 16
5267 16
5268 16
5269 16
5270 16
5271 16
5272 16
5273 16
5274 16
5275 16
5276 16
5277 16
5278 16
5279 16
5280 16
5281 16
5282 16
5283 16
5284 16
5285 16
5286 16
5287 16
5288 16
5289 16
5290 16
5291 16
5292 16
5293 16
5294 16
5295 11
5296 11
5297 11
5298 11
5299 11
5300 11
5301 11
5302 11
5303 11
5304 11
5305 11
5306 11
5307 11
5308 11
5309 11
5310 11
5311 11
5312 11
5313 11
5314 11
5315 11
5316 11
5317 11
5318 11
5319 11
5320 11
5321 11
5322 11
5323 11
5324 11
5325 11
5326 11
5327 11
5328 11
5329 11
5330 11
5331 11
5332 11
5333 11
5334 11
5335 11
5336 11
5337 11
5338 11
5339 11
5340 11
5341 11
5342 11
5343 11
5344 11
5345 11
5346 11
5347 11
5348 11
5349 11
5350 11
5351 11
5352 11
5353 11
5354 11
5355 11
5356 11
5357 11
5358 11
5359 11
5360 11
5361 11
5362 11
5363 11
5364 11
5365 11
5366 11
5367 11
5368 11
5369 11
5370 11
5371 11
5372 11
5373 11
5374 11
5375 11
5376 11
5377 11
5378 11
5379 11
5380 11
5381 11
5382 11
5383 11
5384 11
5385 11
5386 11
5387 11
5388 11
5389 11
5390 11
5391 11
5392 11
5393 11
5394 11
5395 11
5396 11
5397 11
5398 11
5399 11
5400 11
5401 11
5402 11
5403 11
5404 11
5405 11
5406 11
5407 11
5408 12
5409 12
5410 12
5411 12
5412 12
5413 12
5414 12
5415 12
5416 12
5417 12
5418 12
5419 12
5420 12
5421 12
5422 12
5423 12
5424 12
5425 12
5426 12
5427 12
5428 12
5429 12
5430 12
5431 12
5432 12
5433 12
5434 12
5435 12
5436 12
5437 12
5438 12
5439 12
5440 12
5441 12
5442 12
5443 12
5444 12
5445 12
5446 12
5447 12
5448 12
5449 12
5450 12
5451 12
5452 12
5453 12
5454 12
5455 12
5456 12
5457 12
5458 12
5459 12
5460 12
5461 12
5462 12
5463 12
5464 12
5465 12
5466 12
5467 12
5468 12
5469 12
5470 12
5471 12
5472 12
5473 12
5474 12
5475 12
5476 12
5477 12
5478 12
5479 12
5480 12
5481 12
5482 12
5483 12
5484 12
5485 12
5486 12
5487 12
5488 12
5489 12
5490 12
5491 12
5492 12
5493 12
5494 12
5495 12
5496 12
5497 12
5498 12
5499 12
5500 12
5501 12
5502 12
5503 12
5504 12
5505 12
5506 12
5507 12
5508 12
5509 12
5510 12
5511 12
5512 12
5513 12
5514 12
5515 12
5516 12
5517 12
5518 12
5519 12
5520 12
5521 10
5522 10
5523 10
5524 10
5525 10
5526 10
5527 10
5528 10
5529 10
5530 10
5531 10
5532 10
5533 10
5534 10
5535 10
5536 10
5537 10
5538 10
5539 10
5540 10
5541 10
5542 10
5543 10
5544 10
5545 10
5546 10
5547 10
5548 10
5549 10
5550 10
5551 10
5552 10
5553 10
5554 10
5555 10
5556 10
5557 10
5558 10
5559 10
5560 10
5561 10
5562 10
5563 10
5564 10
5565 10
5566 10
5567 10
5568 10
5569 10
5570 10
5571 10
5572 10
5573 10
5574 10
5575 10
5576 10
5577 10
5578 10
5579 10
5580 10
5581 10
5582 10
5583 10
5584 10
5585 10
5586 10
5587 10
5588 10
5589 10
5590 10
5591 10
5592 10
5593 10
5594 10
5595 10
5596 10
5597 10
5598 10
5599 10
5600 10
5601 10
5602 10
5603 10
5604 10
5605 10
5606 10
5607 10
5608 10
5609 10
5610 10
5611 10
5612 10
5613 10
5614 10
5615 10
5616 10
5617 10
5618 10
5619 10
5620 10
5621 10
5622 10
5623 10
5624 10
5625 10
5626 10
5627 10
5628 10
5629 10
5630 10
5631 10
5632 10
5633 10
5634 13
5635 13
5636 13
5637 13
5638 13
5639 13
5640 13
5641 13
5642 13
5643 13
5644 13
5645 13
5646 13
5647 13
5648 13
5649 13
5650 13
5651 13
5652 13
5653 13
5654 13
5655 13
5656 13
5657 13
5658 13
5659 13
5660 13
5661 13
5662 13
5663 13
5664 13
5665 13
5666 13
5667 13
5668 13
5669 13
5670 13
5671 13
5672 13
5673 13
5674 13
5675 13
5676 13
5677 13
5678 13
5679 13
5680 13
5681 13
5682 13
5683 13
5684 13
5685 13
5686 13
5687 13
5688 13
5689 13
5690 13
5691 13
5692 13
5693 13
5694 13
5695 13
5696 13
5697 13
5698 13
5699 13
5700 13
5701 13
5702 13
5703 13
5704 13
5705 13
5706 13
5707 13
5708 13
5709 13
5710 13
5711 13
5712 13
5713 13
5714 13
5715 13
5716 13
5717 13
5718 13
5719 13
5720 13
5721 13
5722 13
5723 13
5724 13
5725 13
5726 13
5727 13
5728 13
5729 13
5730 13
5731 13
5732 13
5733 13
5734 13
5735 13
5736 13
5737 13
5738 13
5739 13
5740 13
5741 13
5742 13
5743 13
5744 13
5745 13
5746 13
5747 9
5748 9
5749 9
5750 9
5751 9
5752 9
5753 9
5754 9
5755 9
5756 9
5757 9
5758 9
5759 9
5760 9
5761 9
5762 9
5763 9
5764 9
5765 9
5766 9
5767 9
5768 9
5769 9
5770 9
5771 9
5772 9
5773 9
5774 9
5775 9
5776 9
5777 9
5778 9
5779 9
5780 9
5781 9
5782 9
5783 9
5784 9
5785 9
5786 9
5787 9
5788 9
5789 9
5790 9
5791 9
5792 9
5793 9
5794 9
5795 9
5796 9
5797 9
5798 9
5799 9
5800 9
5801 9
5802 9
5803 9
5804 9
5805 9
5806 9
5807 9
5808 9
5809 9
5810 9
5811 9
5812 9
5813 9
5814 9
5815 9
5816 9
5817 9
5818 9
5819 9
5820 9
5821 9
5822 9
5823 9
5824 9
5825 9
5826 9
5827 9
5828 9
5829 9
5830 9
5831 9
5832 9
5833 9
5834 9
5835 9
5836 9
5837 9
5838 9
5839 9
5840 9
5841 9
5842 9
5843 9
5844 9
5845 9
5846 9
5847 9
5848 9
5849 9
5850 9
5851 9
5852 9
5853 9
5854 9
5855 9
5856 9
5857 9
5858 9
5859 9
5860 21
5861 21
5862 21
5863 21
5864 21
5865 21
5866 21
5867 21
5868 21
5869 21
5870 21
5871 21
5872 21
5873 21
5874 21
5875 21
5876 21
5877 21
5878 21
5879 21
5880 21
5881 21
5882 21
5883 21
5884 21
5885 21
5886 21
5887 21
5888 21
5889 21
5890 21
5891 21
5892 21
5893 21
5894 21
5895 21
5896 21
5897 21
5898 21
5899 21
5900 21
5901 21
5902 21
5903 21
5904 21
5905 21
5906 21
5907 21
5908 21
5909 21
5910 21
5911 21
5912 21
5913 21
5914 21
5915 21
5916 21
5917 21
5918 21
5919 21
5920 21
5921 21
5922 21
5923 21
5924 21
5925 21
5926 21
5927 21
5928 21
5929 21
5930 21
5931 21
5932 21
5933 21
5934 21
5935 21
5936 21
5937 21
5938 21
5939 21
5940 21
5941 21
5942 21
5943 21
5944 21
5945 21
5946 21
5947 21
5948 21
5949 21
5950 21
5951 21
5952 21
5953 21
5954 21
5955 21
5956 21
5957 21
5958 21
5959 21
5960 21
5961 21
5962 21
5963 21
5964 21
5965 21
5966 21
5967 21
5968 21
5969 21
5970 21
5971 21
5972 7
5973 7
5974 7
5975 7
5976 7
5977 7
5978 7
5979 7
5980 7
5981 7
5982 7
5983 7
5984 7
5985 7
5986 7
5987 7
5988 7
5989 7
5990 7
5991 7
5992 7
5993 7
5994 7
5995 7
5996 7
5997 7
5998 7
5999 7
6000 7
6001 7
6002 7
6003 7
6004 7
6005 7
6006 7
6007 7
6008 7
6009 7
6010 7
6011 7
6012 7
6013 7
6014 7
6015 7
6016 7
6017 7
6018 7
6019 7
6020 7
6021 7
6022 7
6023 7
6024 7
6025 7
6026 7
6027 7
6028 7
6029 7
6030 7
6031 7
6032 7
6033 7
6034 7
6035 7
6036 7
6037 7
6038 7
6039 7
6040 7
6041 7
6042 7
6043 7
6044 7
6045 7
6046 7
6047 7
6048 7
6049 7
6050 7
6051 7
6052 7
6053 7
6054 7
6055 7
6056 7
6057 7
6058 7
6059 7
6060 7
6061 7
6062 7
6063 7
6064 7
6065 7
6066 7
6067 7
6068 7
6069 7
6070 7
6071 7
6072 7
6073 7
6074 7
6075 7
6076 7
6077 7
6078 7
6079 7
6080 7
6081 7
6082 7
6083 7
6084 7
6085 18
6086 18
6087 18
6088 18
6089 18
6090 18
6091 18
6092 18
6093 18
6094 18
6095 18
6096 18
6097 18
6098 18
6099 18
6100 18
6101 18
6102 18
6103 18
6104 18
6105 18
6106 18
6107 18
6108 18
6109 18
6110 18
6111 18
6112 18
6113 18
6114 18
6115 18
6116 18
6117 18
6118 18
6119 18
6120 18
6121 18
6122 18
6123 18
6124 18
6125 18
6126 18
6127 18
6128 18
6129 18
6130 18
6131 18
6132 18
6133 18
6134 18
6135 18
6136 18
6137 18
6138 18
6139 18
6140 18
6141 18
6142 18
6143 18
6144 18
6145 18
6146 18
6147 18
6148 18
6149 18
6150 18
6151 18
6152 18
6153 18
6154 18
6155 18
6156 18
6157 18
6158 18
6159 18
6160 18
6161 18
6162 18
6163 18
6164 18
6165 18
6166 18
6167 18
6168 18
6169 18
6170 18
6171 18
6172 18
6173 18
6174 18
6175 18
6176 18
6177 18
6178 18
6179 18
6180 18
6181 18
6182 18
6183 18
6184 18
6185 18
6186 18
6187 18
6188 18
6189 18
6190 18
6191 18
6192 18
6193 18
6194 18
6195 18
6196 18
6197 19
6198 19
6199 19
6200 19
6201 19
6202 19
6203 19
6204 19
6205 19
6206 19
6207 19
6208 19
6209 19
6210 19
6211 19
6212 19
6213 19
6214 19
6215 19
6216 19
6217 19
6218 19
6219 19
6220 19
6221 19
6222 19
6223 19
6224 19
6225 19
6226 19
6227 19
6228 19
6229 19
6230 19
6231 19
6232 19
6233 19
6234 19
6235 19
6236 19
6237 19
6238 19
6239 19
6240 19
6241 19
6242 19
6243 19
6244 19
6245 19
6246 19
6247 19
6248 19
6249 19
6250 19
6251 19
6252 19
6253 19
6254 19
6255 19
6256 19
6257 19
6258 19
6259 19
6260 19
6261 19
6262 19
6263 19
6264 19
6265 19
6266 19
6267 19
6268 19
6269 19
6270 19
6271 19
6272 19
6273 19
6274 19
6275 19
6276 19
6277 19
6278 19
6279 19
6280 19
6281 19
6282 19
6283 19
6284 19
6285 19
6286 19
6287 19
6288 19
6289 19
6290 19
6291 19
6292 19
6293 19
6294 19
6295 19
6296 19
6297 19
6298 19
6299 19
6300 19
6301 19
6302 19
6303 19
6304 19
6305 19
6306 19
6307 19
6308 19
6309 17
6310 17
6311 17
6312 17
6313 17
6314 17
6315 17
6316 17
6317 17
6318 17
6319 17
6320 17
6321 17
6322 17
6323 17
6324 17
6325 17
6326 17
6327 17
6328 17
6329 17
6330 17
6331 17
6332 17
6333 17
6334 17
6335 17
6336 17
6337 17
6338 17
6339 17
6340 17
6341 17
6342 17
6343 17
6344 17
6345 17
6346 17
6347 17
6348 17
6349 17
6350 17
6351 17
6352 17
6353 17
6354 17
6355 17
6356 17
6357 17
6358 17
6359 17
6360 17
6361 17
6362 17
6363 17
6364 17
6365 17
6366 17
6367 17
6368 17
6369 17
6370 17
6371 17
6372 17
6373 17
6374 17
6375 17
6376 17
6377 17
6378 17
6379 17
6380 17
6381 17
6382 17
6383 17
6384 17
6385 17
6386 17
6387 17
6388 17
6389 17
6390 17
6391 17
6392 17
6393 17
6394 17
6395 17
6396 17
6397 17
6398 17
6399 17
6400 17
6401 17
6402 17
6403 17
6404 17
6405 17
6406 17
6407 17
6408 17
6409 17
6410 17
6411 17
6412 17
6413 17
6414 17
6415 17
6416 17
6417 17
6418 17
6419 17
6420 17
6421 20
6422 20
6423 20
6424 20
6425 20
6426 20
6427 20
6428 20
6429 20
6430 20
6431 20
6432 20
6433 20
6434 20
6435 20
6436 20
6437 20
6438 20
6439 20
6440 20
6441 20
6442 20
6443 20
6444 20
6445 20
6446 20
6447 20
6448 20
6449 20
6450 20
6451 20
6452 20
6453 20
6454 20
6455 20
6456 20
6457 20
6458 20
6459 20
6460 20
6461 20
6462 20
6463 20
6464 20
6465 20
6466 20
6467 20
6468 20
6469 20
6470 20
6471 20
6472 20
6473 20
6474 20
6475 20
6476 20
6477 20
6478 20
6479 20
6480 20
6481 20
6482 20
6483 20
6484 20
6485 20
6486 20
6487 20
6488 20
6489 20
6490 20
6491 20
6492 20
6493 20
6494 20
6495 20
6496 20
6497 20
6498 20
6499 20
6500 20
6501 20
6502 20
6503 20
6504 20
6505 20
6506 20
6507 20
6508 20
6509 20
6510 20
6511 20
6512 20
6513 20
6514 20
6515 20
6516 20
6517 20
6518 20
6519 20
6520 20
6521 20
6522 20
6523 20
6524 20
6525 20
6526 20
6527 20
6528 20
6529 20
6530 20
6531 20
6532 20
6533 16
6534 16
6535 16
6536 16
6537 16
6538 16
6539 16
6540 16
6541 16
6542 16
6543 16
6544 16
6545 16
6546 16
6547 16
6548 16
6549 16
6550 16
6551 16
6552 16
6553 16
6554 16
6555 16
6556 16
6557 16
6558 16
6559 16
6560 16
6561 16
6562 16
6563 16
6564 16
6565 16
6566 16
6567 16
6568 16
6569 16
6570 16
6571 16
6572 16
6573 16
6574 16
6575 16
6576 16
6577 16
6578 16
6579 16
6580 16
6581 16
6582 16
6583 16
6584 16
6585 16
6586 16
6587 16
6588 16
6589 16
6590 16
6591 16
6592 16
6593 16
6594 16
6595 16
6596 16
6597 16
6598 16
6599 16
6600 16
6601 16
6602 16
6603 16
6604 16
6605 16
6606 16
6607 16
6608 16
6609 16
6610 16
6611 16
6612 16
6613 16
6614 16
6615 16
6616 16
6617 16
6618 16
6619 16
6620 16
6621 16
6622 16
6623 16
6624 16
6625 16
6626 16
6627 16
6628 16
6629 16
6630 16
6631 16
6632 16
6633 16
6634 16
6635 16
6636 16
6637 16
6638 16
6639 16
6640 16
6641 16
6642 16
6643 16
6644 16
6645 30
6646 30
6647 30
6648 30
6649 30
6650 30
6651 30
6652 30
6653 30
6654 30
6655 30
6656 30
6657 30
6658 30
6659 30
6660 30
6661 30
6662 30
6663 30
6664 30
6665 30
6666 30
6667 30
6668 30
6669 30
6670 30
6671 30
6672 30
6673 30
6674 30
6675 30
6676 30
6677 30
6678 30
6679 30
6680 30
6681 30
6682 30
6683 30
6684 30
6685 30
6686 30
6687 30
6688 30
6689 30
6690 30
6691 30
6692 30
6693 30
6694 30
6695 30
6696 30
6697 30
6698 30
6699 30
6700 30
6701 30
6702 30
6703 30
6704 30
6705 30
6706 30
6707 30
6708 30
6709 30
6710 30
6711 30
6712 30
6713 30
6714 30
6715 30
6716 30
6717 30
6718 30
6719 30
6720 31
6721 31
6722 31
6723 31
6724 31
6725 31
6726 31
6727 31
6728 31
6729 31
6730 31
6731 31
6732 31
6733 31
6734 31
6735 31
6736 31
6737 31
6738 31
6739 31
6740 31
6741 31
6742 31
6743 31
6744 31
6745 31
6746 31
6747 31
6748 31
6749 31
6750 31
6751 31
6752 31
6753 31
6754 31
6755 31
6756 31
6757 31
6758 31
6759 31
6760 31
6761 31
6762 31
6763 31
6764 31
6765 31
6766 31
6767 31
6768 31
6769 31
6770 31
6771 31
6772 31
6773 31
6774 31
6775 31
6776 31
6777 31
6778 31
6779 31
6780 31
6781 31
6782 31
6783 31
6784 31
6785 31
6786 31
6787 31
6788 31
6789 31
6790 31
6791 31
6792 31
6793 31
6794 31
6795 29
6796 29
6797 29
6798 29
6799 29
6800 29
6801 29
6802 29
6803 29
6804 29
6805 29
6806 29
6807 29
6808 29
6809 29
6810 29
6811 29
6812 29
6813 29
6814 29
6815 29
6816 29
6817 29
6818 29
6819 29
6820 29
6821 29
6822 29
6823 29
6824 29
6825 29
6826 29
6827 29
6828 29
6829 29
6830 29
6831 29
6832 29
6833 29
6834 29
6835 29
6836 29
6837 29
6838 29
6839 29
6840 29
6841 29
6842 29
6843 29
6844 29
6845 29
6846 29
6847 29
6848 29
6849 29
6850 29
6851 29
6852 29
6853 29
6854 29
6855 29
6856 29
6857 29
6858 29
6859 29
6860 29
6861 29
6862 29
6863 29
6864 29
6865 29
6866 29
6867 29
6868 29
6869 29
6870 32
6871 32
6872 32
6873 32
6874 32
6875 32
6876 32
6877 32
6878 32
6879 32
6880 32
6881 32
6882 32
6883 32
6884 32
6885 32
6886 32
6887 32
6888 32
6889 32
6890 32
6891 32
6892 32
6893 32
6894 32
6895 32
6896 32
6897 32
6898 32
6899 32
6900 32
6901 32
6902 32
6903 32
6904 32
6905 32
6906 32
6907 32
6908 32
6909 32
6910 32
6911 32
6912 32
6913 32
6914 32
6915 32
6916 32
6917 32
6918 32
6919 32
6920 32
6921 32
6922 32
6923 32
6924 32
6925 32
6926 32
6927 32
6928 32
6929 32
6930 32
6931 32
6932 32
6933 32
6934 32
6935 32
6936 32
6937 32
6938 32
6939 32
6940 32
6941 32
6942 32
6943 32
6944 32
6945 28
6946 28
6947 28
6948 28
6949 28
6950 28
6951 28
6952 28
6953 28
6954 28
6955 28
6956 28
6957 28
6958 28
6959 28
6960 28
6961 28
6962 28
6963 28
6964 28
6965 28
6966 28
6967 28
6968 28
6969 28
6970 28
6971 28
6972 28
6973 28
6974 28
6975 28
6976 28
6977 28
6978 28
6979 28
6980 28
6981 28
6982 28
6983 28
6984 28
6985 28
6986 28
6987 28
6988 28
6989 28
6990 28
6991 28
6992 28
6993 28
6994 28
6995 28
6996 28
6997 28
6998 28
6999 28
7000 28
7001 28
7002 28
7003 28
7004 28
7005 28
7006 28
7007 28
7008 28
7009 28
7010 28
7011 28
7012 28
7013 28
7014 28
7015 28
7016 28
7017 28
7018 28
7019 28
7020 14
7021 14
7022 14
7023 14
7024 14
7025 14
7026 14
7027 14
7028 14
7029 14
7030 14
7031 14
7032 14
7033 14
7034 14
7035 14
7036 14
7037 14
7038 14
7039 14
7040 14
7041 14
7042 14
7043 14
7044 14
7045 14
7046 14
7047 14
7048 14
7049 14
7050 14
7051 14
7052 14
7053 14
7054 14
7055 14
7056 14
7057 14
7058 14
7059 14
7060 14
7061 14
7062 14
7063 14
7064 14
7065 14
7066 14
7067 14
7068 14
7069 14
7070 14
7071 14
7072 14
7073 14
7074 14
7075 14
7076 14
7077 14
7078 14
7079 14
7080 14
7081 14
7082 14
7083 14
7084 14
7085 14
7086 14
7087 14
7088 14
7089 14
7090 14
7091 14
7092 14
7093 14
7094 15
7095 15
7096 15
7097 15
7098 15
7099 15
7100 15
7101 15
7102 15
7103 15
7104 15
7105 15
7106 15
7107 15
7108 15
7109 15
7110 15
7111 15
7112 15
7113 15
7114 15
7115 15
7116 15
7117 15
7118 15
7119 15
7120 15
7121 15
7122 15
7123 15
7124 15
7125 15
7126 15
7127 15
7128 15
7129 15
7130 15
7131 15
7132 15
7133 15
7134 15
7135 15
7136 15
7137 15
7138 15
7139 15
7140 15
7141 15
7142 15
7143 15
7144 15
7145 15
7146 15
7147 15
7148 15
7149 15
7150 15
7151 15
7152 15
7153 15
7154 15
7155 15
7156 15
7157 15
7158 15
7159 15
7160 15
7161 15
7162 15
7163 15
7164 15
7165 15
7166 15
7167 15
7168 38
7169 38
7170 38
7171 38
7172 38
7173 38
7174 38
7175 38
7176 38
7177 38
7178 38
7179 38
7180 38
7181 38
7182 38
7183 38
7184 38
7185 38
7186 38
7187 38
7188 38
7189 38
7190 38
7191 38
7192 38
7193 38
7194 38
7195 38
7196 38
7197 38
7198 38
7199 38
7200 38
7201 38
7202 38
7203 38
7204 38
7205 38
7206 38
7207 38
7208 38
7209 38
7210 38
7211 38
7212 38
7213 38
7214 38
7215 38
7216 38
7217 38
7218 38
7219 38
7220 38
7221 38
7222 38
7223 38
7224 38
7225 38
7226 38
7227 38
7228 38
7229 38
7230 38
7231 38
7232 38
7233 38
7234 38
7235 38
7236 38
7237 38
7238 38
7239 38
7240 38
7241 38
7242 41
7243 41
7244 41
7245 41
7246 41
7247 41
7248 41
7249 41
7250 41
7251 41
7252 41
7253 41
7254 41
7255 41
7256 41
7257 41
7258 41
7259 41
7260 41
7261 41
7262 41
7263 41
7264 41
7265 41
7266 41
7267 41
7268 41
7269 41
7270 41
7271 41
7272 41
7273 41
7274 41
7275 41
7276 41
7277 41
7278 41
7279 41
7280 41
7281 41
7282 41
7283 41
7284 41
7285 41
7286 41
7287 41
7288 41
7289 41
7290 41
7291 41
7292 41
7293 41
7294 41
7295 41
7296 41
7297 41
7298 41
7299 41
7300 41
7301 41
7302 41
7303 41
7304 41
7305 41
7306 41
7307 41
7308 41
7309 41
7310 41
7311 41
7312 41
7313 41
7314 41
7315 41
7316 22
7317 22
7318 22
7319 22
7320 22
7321 22
7322 22
7323 22
7324 22
7325 22
7326 22
7327 22
7328 22
7329 22
7330 22
7331 22
7332 22
7333 22
7334 22
7335 22
7336 22
7337 22
7338 22
7339 22
7340 22
7341 22
7342 22
7343 22
7344 22
7345 22
7346 22
7347 22
7348 22
7349 22
7350 22
7351 22
7352 22
7353 22
7354 22
7355 22
7356 22
7357 22
7358 22
7359 22
7360 22
7361 22
7362 22
7363 22
7364 22
7365 22
7366 22
7367 22
7368 22
7369 22
7370 22
7371 22
7372 22
7373 22
7374 22
7375 22
7376 22
7377 22
7378 22
7379 22
7380 22
7381 22
7382 22
7383 22
7384 22
7385 22
7386 22
7387 22
7388 22
7389 22
7390 8
7391 8
7392 8
7393 8
7394 8
7395 8
7396 8
7397 8
7398 8
7399 8
7400 8
7401 8
7402 8
7403 8
7404 8
7405 8
7406 8
7407 8
7408 8
7409 8
7410 8
7411 8
7412 8
7413 8
7414 8
7415 8
7416 8
7417 8
7418 8
7419 8
7420 8
7421 8
7422 8
7423 8
7424 8
7425 8
7426 8
7427 8
7428 8
7429 8
7430 8
7431 8
7432 8
7433 8
7434 8
7435 8
7436 8
7437 8
7438 8
7439 8
7440 8
7441 8
7442 8
7443 8
7444 8
7445 8
7446 8
7447 8
7448 8
7449 8
7450 8
7451 8
7452 8
7453 8
7454 8
7455 8
7456 8
7457 8
7458 8
7459 8
7460 8
7461 8
7462 8
7463 8
7464 8
7465 25
7466 25
7467 25
7468 25
7469 25
7470 25
7471 25
7472 25
7473 25
7474 25
7475 25
7476 25
7477 25
7478 25
7479 25
7480 25
7481 25
7482 25
7483 25
7484 25
7485 25
7486 25
7487 25
7488 25
7489 25
7490 25
7491 25
7492 25
7493 25
7494 25
7495 25
7496 25
7497 25
7498 25
7499 25
7500 25
7501 25
7502 25
7503 25
7504 25
7505 25
7506 25
7507 25
7508 25
7509 25
7510 25
7511 25
7512 25
7513 25
7514 25
7515 25
7516 25
7517 25
7518 25
7519 25
7520 25
7521 25
7522 25
7523 25
7524 25
7525 25
7526 25
7527 25
7528 25
7529 25
7530 25
7531 25
7532 25
7533 25
7534 25
7535 25
7536 25
7537 25
7538 25
7539 25
7540 24
7541 24
7542 24
7543 24
7544 24
7545 24
7546 24
7547 24
7548 24
7549 24
7550 24
7551 24
7552 24
7553 24
7554 24
7555 24
7556 24
7557 24
7558 24
7559 24
7560 24
7561 24
7562 24
7563 24
7564 24
7565 24
7566 24
7567 24
7568 24
7569 24
7570 24
7571 24
7572 24
7573 24
7574 24
7575 24
7576 24
7577 24
7578 24
7579 24
7580 24
7581 24
7582 24
7583 24
7584 24
7585 24
7586 24
7587 24
7588 24
7589 24
7590 24
7591 24
7592 24
7593 24
7594 24
7595 24
7596 24
7597 24
7598 24
7599 24
7600 24
7601 24
7602 24
7603 24
7604 24
7605 24
7606 24
7607 24
7608 24
7609 24
7610 24
7611 24
7612 24
7613 24
7614 24
7615 26
7616 26
7617 26
7618 26
7619 26
7620 26
7621 26
7622 26
7623 26
7624 26
7625 26
7626 26
7627 26
7628 26
7629 26
7630 26
7631 26
7632 26
7633 26
7634 26
7635 26
7636 26
7637 26
7638 26
7639 26
7640 26
7641 26
7642 26
7643 26
7644 26
7645 26
7646 26
7647 26
7648 26
7649 26
7650 26
7651 26
7652 26
7653 26
7654 26
7655 26
7656 26
7657 26
7658 26
7659 26
7660 26
7661 26
7662 26
7663 26
7664 26
7665 26
7666 26
7667 26
7668 26
7669 26
7670 26
7671 26
7672 26
7673 26
7674 26
7675 26
7676 26
7677 26
7678 26
7679 26
7680 26
7681 26
7682 26
7683 26
7684 26
7685 26
7686 26
7687 26
7688 26
7689 26
7690 23
7691 23
7692 23
7693 23
7694 23
7695 23
7696 23
7697 23
7698 23
7699 23
7700 23
7701 23
7702 23
7703 23
7704 23
7705 23
7706 23
7707 23
7708 23
7709 23
7710 23
7711 23
7712 23
7713 23
7714 23
7715 23
7716 23
7717 23
7718 23
7719 23
7720 23
7721 23
7722 23
7723 23
7724 23
7725 23
7726 23
7727 23
7728 23
7729 23
7730 23
7731 23
7732 23
7733 23
7734 23
7735 23
7736 23
7737 23
7738 23
7739 23
7740 23
7741 23
7742 23
7743 23
7744 23
7745 23
7746 23
7747 23
7748 23
7749 23
7750 23
7751 23
7752 23
7753 23
7754 23
7755 23
7756 23
7757 23
7758 23
7759 23
7760 23
7761 23
7762 23
7763 23
7764 23
7765 27
7766 27
7767 27
7768 27
7769 27
7770 27
7771 27
7772 27
7773 27
7774 27
7775 27
7776 27
7777 27
7778 27
7779 27
7780 27
7781 27
7782 27
7783 27
7784 27
7785 27
7786 27
7787 27
7788 27
7789 27
7790 27
7791 27
7792 27
7793 27
7794 27
7795 27
7796 27
7797 27
7798 27
7799 27
7800 27
7801 27
7802 27
7803 27
7804 27
7805 27
7806 27
7807 27
7808 27
7809 27
7810 27
7811 27
7812 27
7813 27
7814 27
7815 27
7816 27
7817 27
7818 27
7819 27
7820 27
7821 27
7822 27
7823 27
7824 27
7825 27
7826 27
7827 27
7828 27
7829 27
7830 27
7831 27
7832 27
7833 27
7834 27
7835 27
7836 27
7837 27
7838 27
7839 27
7840 6
7841 6
7842 6
7843 6
7844 6
7845 6
7846 6
7847 6
7848 6
7849 6
7850 6
7851 6
7852 6
7853 6
7854 6
7855 6
7856 6
7857 6
7858 6
7859 6
7860 6
7861 6
7862 6
7863 6
7864 6
7865 6
7866 6
7867 6
7868 6
7869 6
7870 6
7871 6
7872 6
7873 6
7874 6
7875 6
7876 6
7877 6
7878 6
7879 6
7880 6
7881 6
7882 6
7883 6
7884 6
7885 6
7886 6
7887 6
7888 6
7889 6
7890 6
7891 6
7892 6
7893 6
7894 6
7895 6
7896 6
7897 6
7898 6
7899 6
7900 6
7901 6
7902 6
7903 6
7904 6
7905 6
7906 6
7907 6
7908 6
7909 6
7910 6
7911 6
7912 6
7913 6
7914 6
7915 6
7916 6
7917 6
7918 6
7919 6
7920 6
7921 6
7922 6
7923 6
7924 6
7925 6
7926 6
7927 6
7928 6
7929 6
7930 6
7931 6
7932 6
7933 6
7934 6
7935 6
7936 6
7937 6
7938 6
7939 6
7940 6
7941 6
7942 6
7943 6
7944 6
7945 6
7946 6
7947 6
7948 6
7949 6
7950 6
7951 6
7952 6
7953 6
7954 6
7955 6
7956 6
7957 6
7958 6
7959 6
7960 6
7961 6
7962 6
7963 6
7964 6
7965 6
7966 6
7967 6
7968 6
7969 6
7970 6
7971 6
7972 6
7973 6
7974 6
7975 6
7976 6
7977 6
7978 6
7979 6
7980 6
7981 6
7982 6
7983 6
7984 6
7985 6
7986 6
7987 6
7988 6
7989 6
7990 6
7991 6
7992 6
7993 6
7994 6
7995 6
7996 6
7997 6
7998 6
7999 6
8000 6
8001 6
8002 6
8003 6
8004 6
8005 6
8006 6
8007 6
8008 6
8009 6
8010 6
8011 6
8012 6
8013 6
8014 6
8015 6
8016 6
8017 6
8018 6
8019 6
8020 6
8021 6
8022 6
8023 6
8024 6
8025 6
8026 6
8027 6
8028 6
8029 6
8030 6
8031 6
8032 6
8033 6
8034 6
8035 6
8036 6
8037 6
8038 6
8039 6
8040 6
8041 6
8042 6
8043 6
8044 6
8045 6
8046 6
8047 6
8048 6
8049 6
8050 6
8051 6
8052 6
8053 6
8054 6
8055 6
8056 6
8057 6
8058 6
8059 6
8060 6
8061 6
8062 6
8063 6
8064 6
8065 6
8066 6
8067 6
8068 6
8069 6
8070 6
8071 6
8072 6
8073 6
8074 6
8075 6
8076 6
8077 6
8078 6
8079 6
8080 6
8081 6
8082 6
8083 6
8084 6
8085 6
8086 6
8087 6
8088 6
8089 6
8090 6
8091 6
8092 6
8093 6
8094 6
8095 6
8096 6
8097 6
8098 6
8099 6
8100 6
8101 6
8102 6
8103 6
8104 6
8105 6
8106 6
8107 6
8108 6
8109 6
8110 6
8111 6
8112 6
8113 6
8114 6
8115 6
8116 6
8117 6
8118 6
8119 6
8120 6
8121 6
8122 6
8123 6
8124 6
8125 6
8126 6
8127 6
8128 6
8129 6
8130 6
8131 6
8132 6
8133 6
8134 6
8135 6
8136 6
8137 6
8138 6
8139 6
8140 6
8141 6
8142 6
8143 6
8144 6
8145 6
8146 6
8147 6
8148 6
8149 6
8150 6
8151 6
8152 6
8153 6
8154 6
8155 6
8156 6
8157 6
8158 6
8159 6
8160 6
8161 6
8162 37
8163 37
8164 37
8165 37
8166 37
8167 37
8168 37
8169 37
8170 37
8171 37
8172 37
8173 37
8174 37
8175 37
8176 37
8177 37
8178 37
8179 37
8180 37
8181 37
8182 37
8183 37
8184 37
8185 37
8186 37
8187 37
8188 37
8189 37
8190 37
8191 37
8192 37
8193 37
8194 37
8195 37
8196 37
8197 37
8198 37
8199 37
8200 37
8201 37
8202 37
8203 37
8204 37
8205 37
8206 37
8207 37
8208 37
8209 37
8210 37
8211 37
8212 37
8213 37
8214 37
8215 37
8216 37
8217 37
8218 37
8219 37
8220 37
8221 37
8222 37
8223 37
8224 37
8225 37
8226 37
8227 37
8228 37
8229 37
8230 37
8231 37
8232 37
8233 37
8234 37
8235 37
8236 40
8237 40
8238 40
8239 40
8240 40
8241 40
8242 40
8243 40
8244 40
8245 40
8246 40
8247 40
8248 40
8249 40
8250 40
8251 40
8252 40
8253 40
8254 40
8255 40
8256 40
8257 40
8258 40
8259 40
8260 40
8261 40
8262 40
8263 40
8264 40
8265 40
8266 40
8267 40
8268 40
8269 40
8270 40
8271 40
8272 40
8273 40
8274 40
8275 40
8276 40
8277 40
8278 40
8279 40
8280 40
8281 40
8282 40
8283 40
8284 40
8285 40
8286 40
8287 40
8288 40
8289 40
8290 40
8291 40
8292 40
8293 40
8294 40
8295 40
8296 40
8297 40
8298 40
8299 40
8300 40
8301 40
8302 40
8303 40
8304 40
8305 40
8306 40
8307 40
8308 40
8309 40
8310 2
8311 2
8312 2
8313 2
8314 2
8315 2
8316 2
8317 2
8318 2
8319 2
8320 2
8321 2
8322 2
8323 2
8324 2
8325 2
8326 2
8327 2
8328 2
8329 2
8330 2
8331 2
8332 2
8333 2
8334 2
8335 2
8336 2
8337 2
8338 2
8339 2
8340 2
8341 2
8342 2
8343 2
8344 2
8345 2
8346 2
8347 2
8348 2
8349 2
8350 2
8351 2
8352 2
8353 2
8354 3
8355 3
8356 3
8357 3
8358 3
8359 3
8360 3
8361 3
8362 3
8363 5
8364 5
8365 5
8366 5
8367 5
8368 5
8369 5
8370 5
8371 5
8372 5
8373 5
8374 5
8375 5
8376 5
8377 5
8378 5
8379 5
8380 5
8381 5
8382 5
8383 5
8384 5
8385 5
8386 5
8387 5
8388 5
8389 5
8390 5
8391 5
8392 5
8393 5
8394 5
8395 5
8396 5
8397 5
8398 5
8399 5
8400 5
8401 5
8402 5
8403 5
8404 5
8405 5
8406 5
8407 1
8408 1
8409 1
8410 1
8411 1
8412 1
8413 1
8414 1
8415 1
8416 1
8417 1
8418 1
8419 1
8420 1
8421 1
8422 1
8423 1
8424 1
8425 1
8426 1
8427 1
8428 1
8429 1
8430 1
8431 1
8432 1
8433 1
8434 1
8435 1
8436 1
8437 1
8438 1
8439 1
8440 1
8441 1
8442 1
8443 1
8444 1
8445 1
8446 1
8447 1
8448 1
8449 1
8450 1
8451 1
8452 1
8453 1
8454 1
8455 1
8456 1
8457 1
8458 1
8459 1
8460 1
8461 1
8462 1
8463 1
8464 1
8465 1
8466 1
8467 1
8468 1
8469 1
8470 1
8471 1
8472 1
8473 1
8474 1
8475 1
8476 1
8477 1
8478 1
8479 1
8480 1
8481 1
8482 1
8483 1
8484 1
8485 1
8486 1
8487 1
8488 1
8489 1
8490 1
8491 1
8492 1
8493 1
8494 1
8495 1
8496 1
8497 1
8498 1
8499 1
8500 1
8501 1
8502 1
8503 1
8504 1
8505 1
8506 1
8507 1
8508 1
8509 1
8510 1
8511 1
8512 1
8513 1
8514 1
8515 1
8516 1
8517 1
8518 1
8519 1
8520 1
8521 1
8522 1
8523 1
8524 1
8525 1
8526 1
8527 1
8528 1
8529 1
8530 1
8531 1
8532 1
8533 1
8534 1
8535 1
8536 1
8537 1
8538 1
8539 1
8540 1
8541 1
8542 1
8543 1
8544 1
8545 1
8546 1
8547 1
8548 1
8549 1
8550 1
8551 1
8552 1
8553 1
8554 1
8555 1
8556 1
8557 1
8558 1
8559 1
8560 1
8561 1
8562 1
8563 1
8564 1
8565 1
8566 1
8567 1
8568 1
8569 1
8570 1
8571 1
8572 1
8573 1
8574 1
8575 1
8576 1
8577 1
8578 1
8579 1
8580 1
8581 1
8582 1
8583 1
8584 1
8585 1
8586 1
8587 1
8588 1
8589 1
8590 1
8591 1
8592 1
8593 1
8594 1
8595 1
8596 1
8597 1
8598 1
8599 1
8600 1
8601 1
8602 1
8603 1
8604 1
8605 1
8606 1
8607 1
8608 1
8609 1
8610 1
8611 1
8612 1
8613 1
8614 1
8615 1
8616 1
8617 1
8618 1
8619 1
8620 1
8621 1
8622 1
8623 1
8624 1
8625 1
8626 1
8627 1
8628 1
8629 4
8630 4
8631 4
8632 4
8633 4
8634 4
8635 4
8636 4
8637 4
8638 4
8639 4
8640 4
8641 4
8642 4
8643 4
8644 4
8645 4
8646 4
8647 4
8648 4
8649 4
8650 4
8651 4
8652 4
8653 4
8654 4
8655 4
8656 4
8657 4
8658 4
8659 4
8660 4
8661 4
8662 4
8663 4
8664 4
8665 4
8666 4
8667 4
8668 4
8669 4
8670 4
8671 4
8672 4
8673 4
8674 4
8675 4
8676 4
8677 4
8678 4
8679 4
8680 4
8681 4
8682 4
8683 4
8684 4
8685 4
8686 4
8687 4
8688 4
8689 4
8690 4
8691 4
8692 4
8693 4
8694 4
8695 4
8696 4
8697 4
8698 4
8699 4
8700 4
8701 4
8702 4
8703 4
8704 4
8705 4
8706 4
8707 4
8708 4
8709 4
8710 4
8711 4
8712 4
8713 4
**********
1 -0.00795146303765 0.00431485900497 0.102338675493 0 0 1 100 0
2 -0.454435961314 0.00175010650066 -0.00805801872236 -1 1.22464679915e-16 6.12323399574e-17 100 0
3 -0.0634953889238 -0.0163979557985 -0.12493405178 1.22464679915e-16 0 -1 100 0
4 -0.00615080623412 0.0909252765248 -0.0557084619852 6.12323399574e-17 1 6.12323399574e-17 100 0
5 0.454654947777 0.00278281268179 -0.0089334879028 1 0 6.12323399574e-17 100 0
6 -0.00910042560005 -0.0795292689298 -0.0243935737076 6.12323399574e-17 -1 6.12323399574e-17 100 0
7 0.00100980725214 -0.00434260811064 -0.0253043125516 0.999058649452 0.0247597217688 0.0356198137814 0.0318185454857 2
8 0.999992520715 -0.000409050781486 -0.00384593189485 0.398059684733 0.0143758975427 -0.0308994572179 1.04570525083 3
9 0.340405697789 0.0054494657377 -0.0117983138387 0.0163889259965 -0.999804526339 0.0110594853595 0.0315079290936 2
10 0.170573504773 -0.000427521236899 -0.011289760668 -0.00254152969153 -0.999996629188 -0.000531262915133 0.0321061900993 2
11 0.000179549743997 -0.0000740986964735 -0.0113348745916 -0.0009677362062 -0.999978264832 0.00652175977252 0.0317604608307 2
12 -0.169925131674 0.00638328325102 -0.0112622662469 -0.0373526317074 -0.99929819474 -0.00281049722392 0.0321720864165 2
13 -0.339726255858 0.0168493364667 -0.0112361104132 -0.0494634609964 -0.998773527438 -0.00219246793407 0.0321845713778 2
14 -0.411821652446 0.00000448204008551 -0.0851611651737 -0.0000104560882202 -0.999999999943 -0.00000206662926615 0.0269022798188 2
15 0.412041954863 -0.00000412336167655 -0.0851614436952 -0.0000100972125909 -0.999999999949 -4.3580212689e-7 0.0269024088296 2
16 0.342400027771 0.00640706318355 0.0152967435076 -0.0441453435521 -0.025221141602 0.998706705024 0.0336982073585 2
17 0.170617564822 0.00605420341552 0.000219169755396 -0.00100071735474 -0.00799819130836 0.999967513223 0.0320772884731 2
18 0.00265510394825 0.00435941604602 0.0000133490856386 -0.0440600734202 0.0237765171201 0.998745907208 0.0325729029978 2
19 -0.170255843205 0.00593540642123 -0.000271282569397 -0.00177752478449 -0.005282810219 0.99998446604 0.0320761245789 2
20 -0.340719900167 0.00577647271738 -0.000523756448106 -0.00156777283372 -0.00180325451649 0.999997145177 0.0320819686889 2
21 -0.000741042445153 0.0131480173317 0.00935507620449 -0.998438583689 -0.0188620854912 -0.0525796189886 0.0321032939495 2
22 -0.998523010583 0.0000269065473319 -0.05433043909 -0.328496538664 0.0337123189924 -0.0933509855775 1.00733591344 3
23 -0.000024665436507 0.0000255898218569 -0.999999999368 -0.360220296468 0.0082142888972 0.0414819112513 1.04851203801 3
24 -0.0000762496593877 0.0000101270478853 -0.999999997042 -0.18668336216 0.00676207905382 0.0487006257741 1.04964622078 3
25 -0.00539371501584 -0.00505230526736 -0.999972690652 0.000856142135074 0.0201188609132 0.0553060155062 1.05275403233 3
26 8.80153937126e-8 1.98123954238e-8 -1 0.179767915405 -0.00923272972215 0.0762428746619 1.04558058592 3
27 -0.0000156516051415 0.0000635446864249 0.999999997859 0.33622526237 0.0057855279693 -0.0625891498161 1.06083378319 3
28 -0.0043524023477 -0.983425847591 0.181258541549 0.311420029093 -0.0261598766518 -0.0882666400206 0.999815211258 3
29 -0.00167569989994 -0.999998192694 -0.000898130788563 0.167098900113 0.0500513939157 -0.0107547871466 1.06139707058 3
30 0.449508494815 -0.873730046201 -0.185843803918 0.0593951081541 -0.113328738764 -0.0258936367496 0.722304475029 3
31 0.0904294744563 0.995900499157 -0.00216931541515 -0.183505012854 -0.118345103797 -0.00950127736733 0.949810750506 3
32 -0.150804761404 -0.981026386416 -0.121840687351 -0.0366661556858 -0.0319481197985 0.0136278829669 1.26411660707 3
33 -0.111110047904 -0.982106699673 -0.152055870361 0.0108031786653 0.0716336414891 -0.00140266255253 1.19061098852 3
34 -0.0738614020637 -0.913417716428 -0.400265622556 0.181871589596 0.0272935147283 -0.0111533067386 1.03958514598 3
35 -0.159885240951 0.955233901291 0.248927506618 0.206164517334 -0.120129487163 -0.086655457478 1.02395876586 3
36 -0.111305940528 -0.960862001894 0.253683268901 -0.0489185278642 0.0869762186635 -0.0407911934394 1.29399574322 3
37 -0.411822320451 1.29760852165e-10 -0.08516133248 -5.9289326417e-10 -1 1.34340109923e-9 0.015574975452 2
38 -0.411822321879 -0.0482792689298 -0.0851613137581 6.12323399574e-17 -1 6.12323399574e-17 100 0
39 0.217955911493 -0.974998564428 0.0432784011847 -0.515021997026 0.158323016547 -0.0207418682142 0.825309164441 3
40 0.412041310012 5.02011179814e-9 -0.0851614259944 -9.49189602325e-9 -1 -1.04873362156e-7 0.0155753306698 2
41 0.412041311413 -0.0482792689298 -0.0851613137581 6.12323399574e-17 -1 6.12323399574e-17 100 0