0 0
1 0
2 0
3 0
4 0
5 0
6 0
7 0
8 0
9 0
10 0
11 0
12 0
13 0
14 0
15 0
16 0
17 0
18 0
19 0
20 0
21 0
22 0
23 0
24 0
25 0
26 0
27 0
28 0
29 0
30 0
31 0
32 0
33 0
34 0
35 0
36 0
37 0
38 0
39 0
40 0
41 0
42 0
43 0
44 0
45 0
46 0
47 0
48 0
49 0
50 0
51 0
52 0
53 0
54 0
55 0
56 0
57 0
58 0
59 0
60 0
61 0
62 0
63 0
64 0
65 0
66 0
67 0
68 0
69 0
70 0
71 0
72 0
73 0
74 8
75 8
76 8
77 8
78 8
79 8
80 8
81 8
82 8
83 8
84 8
85 8
86 8
87 8
88 8
89 8
90 8
91 8
92 8
93 8
94 8
95 8
96 8
97 8
98 8
99 8
100 8
101 8
102 8
103 8
104 8
105 8
106 8
107 8
108 8
109 8
110 8
111 8
112 8
113 8
114 8
115 8
116 8
117 8
118 8
119 8
120 8
121 8
122 8
123 8
124 8
125 8
126 8
127 8
128 8
129 8
130 8
131 8
132 8
133 8
134 8
135 8
136 8
137 8
138 8
139 8
140 8
141 8
142 8
143 8
144 8
145 8
146 8
147 8
148 8
149 8
150 8
151 8
152 8
153 8
154 21
155 21
156 22
157 22
158 23
159 23
160 23
161 23
162 23
163 23
164 23
165 23
166 23
167 23
168 23
169 23
170 23
171 23
172 23
173 23
174 23
175 23
176 23
177 23
178 23
179 23
180 23
181 23
182 23
183 23
184 23
185 23
186 23
187 23
188 23
189 23
190 23
191 23
192 23
193 23
194 23
195 23
196 23
197 23
198 23
199 23
200 23
201 23
202 23
203 23
204 23
205 23
206 23
207 23
208 23
209 23
210 23
211 23
212 23
213 23
214 15
215 15
216 15
217 15
218 15
219 15
220 15
221 15
222 15
223 15
224 15
225 15
226 15
227 15
228 15
229 15
230 15
231 15
232 15
233 15
234 15
235 15
236 15
237 15
238 15
239 15
240 15
241 15
242 15
243 15
244 15
245 15
246 15
247 15
248 15
249 15
250 15
251 15
252 15
253 15
254 15
255 15
256 15
257 15
258 15
259 15
260 15
261 15
262 15
263 15
264 15
265 15
266 15
267 15
268 15
269 15
270 15
271 15
272 15
273 15
274 15
275 15
276 15
277 15
278 15
279 15
280 15
281 15
282 15
283 15
284 15
285 15
286 15
287 15
288 15
289 15
290 15
291 15
292 15
293 15
294 15
295 15
296 15
297 15
298 15
299 15
300 15
301 15
302 15
303 15
304 15
305 15
306 14
307 14
308 14
309 14
310 14
311 14
312 14
313 14
314 19
315 19
316 19
317 19
318 19
319 19
320 19
321 19
322 19
323 19
324 19
325 19
326 19
327 19
328 19
329 19
330 19
331 19
332 19
333 19
334 19
335 19
336 19
337 19
338 19
339 19
340 19
341 19
342 19
343 19
344 19
345 19
346 19
347 19
348 19
349 19
350 19
351 19
352 19
353 19
354 19
355 19
356 19
357 19
358 19
359 19
360 19
361 19
362 19
363 19
364 19
365 19
366 19
367 19
368 19
369 19
370 19
371 19
372 19
373 19
374 19
375 19
376 19
377 19
378 19
379 19
380 19
381 19
382 19
383 19
384 19
385 19
386 19
387 19
388 19
389 19
390 19
391 19
392 19
393 19
394 25
395 25
396 26
397 26
398 26
399 26
400 26
401 26
402 26
403 26
404 26
405 26
406 26
407 26
408 26
409 26
410 26
411 26
412 26
413 26
414 26
415 26
416 26
417 26
418 26
419 26
420 26
421 26
422 26
423 26
424 26
425 26
426 26
427 26
428 26
429 26
430 26
431 26
432 26
433 26
434 26
435 26
436 26
437 26
438 26
439 26
440 26
441 26
442 26
443 26
444 26
445 26
446 26
447 26
448 26
449 26
450 26
451 26
452 24
453 24
454 13
455 13
456 13
457 13
458 13
459 13
460 13
461 13
462 16
463 16
464 16
465 16
466 16
467 16
468 16
469 16
470 16
471 16
472 16
473 16
474 16
475 16
476 16
477 16
478 16
479 16
480 16
481 16
482 16
483 16
484 16
485 16
486 16
487 16
488 16
489 16
490 16
491 16
492 16
493 16
494 16
495 16
496 16
497 16
498 16
499 16
500 16
501 16
502 16
503 16
504 16
505 16
506 16
507 16
508 16
509 16
510 16
511 16
512 16
513 16
514 16
515 16
516 16
517 16
518 16
519 16
520 16
521 16
522 16
523 16
524 17
525 17
526 17
527 17
528 17
529 17
530 17
531 17
532 17
533 17
534 17
535 17
536 17
537 17
538 17
539 17
540 17
541 17
542 17
543 17
544 17
545 17
546 17
547 17
548 17
549 17
550 17
551 17
552 17
553 17
554 17
555 17
556 17
557 17
558 17
559 17
560 17
561 17
562 17
563 17
564 17
565 17
566 17
567 17
568 17
569 17
570 17
571 17
572 17
573 17
574 17
575 17
576 17
577 17
578 17
579 17
580 17
581 17
582 17
583 17
584 17
585 17
586 12
587 12
588 12
589 12
590 12
591 12
592 12
593 12
594 12
595 12
596 12
597 12
598 12
599 12
600 12
601 12
602 12
603 12
604 12
605 12
606 12
607 12
608 12
609 12
610 12
611 12
612 12
613 12
614 12
615 12
616 12
617 12
618 12
619 12
620 12
621 12
622 12
623 12
624 12
625 12
626 12
627 12
628 12
629 12
630 12
631 12
632 12
633 12
634 12
635 12
636 12
637 12
638 12
639 12
640 12
641 12
642 12
643 12
644 12
645 12
646 12
647 12
648 12
649 12
650 12
651 12
652 12
653 12
654 12
655 12
656 12
657 12
658 12
659 12
660 12
661 12
662 12
663 12
664 12
665 12
666 12
667 12
668 12
669 12
670 12
671 12
672 12
673 12
674 12
675 12
676 12
677 12
678 12
679 12
680 12
681 12
682 12
683 12
684 12
685 12
686 12
687 12
688 12
689 12
690 12
691 12
692 12
693 12
694 12
695 12
696 12
697 12
698 12
699 12
700 12
701 12
702 12
703 12
704 12
705 12
706 7
707 7
708 7
709 7
710 7
711 7
712 7
713 7
714 7
715 7
716 7
717 7
718 7
719 7
720 7
721 7
722 7
723 7
724 7
725 7
726 7
727 7
728 7
729 7
730 7
731 7
732 7
733 7
734 7
735 7
736 7
737 7
738 7
739 7
740 7
741 7
742 7
743 7
744 7
745 7
746 7
747 7
748 7
749 7
750 7
751 7
752 7
753 7
754 7
755 7
756 7
757 7
758 7
759 7
760 7
761 7
762 7
763 7
764 7
765 7
766 7
767 7
768 7
769 7
770 7
771 7
772 7
773 7
774 7
775 7
776 7
777 7
778 7
779 7
780 7
781 7
782 7
783 7
784 7
785 7
786 7
787 7
788 7
789 7
790 7
791 7
792 7
793 7
794 7
795 7
796 7
797 7
798 7
799 7
800 7
801 7
802 7
803 7
804 7
805 7
806 7
807 7
808 7
809 7
810 7
811 7
812 7
813 7
814 7
815 7
816 7
817 7
818 7
819 7
820 2
821 2
822 2
823 2
824 2
825 2
826 2
827 2
828 2
829 2
830 2
831 2
832 2
833 2
834 2
835 2
836 2
837 2
838 2
839 2
840 2
841 2
842 2
843 2
844 2
845 2
846 2
847 2
848 2
849 2
850 2
851 2
852 2
853 2
854 2
855 2
856 2
857 2
858 2
859 2
860 2
861 2
862 1
863 1
864 1
865 1
866 1
867 1
868 1
869 1
870 1
871 1
872 1
873 1
874 1
875 1
876 1
877 1
878 1
879 1
880 1
881 1
882 1
883 1
884 1
885 1
886 1
887 1
888 1
889 1
890 1
891 1
892 1
893 1
894 1
895 1
896 1
897 1
898 1
899 1
900 1
901 1
902 1
903 1
904 1
905 1
906 1
907 1
908 1
909 1
910 1
911 1
912 1
913 1
914 1
915 1
916 1
917 1
918 1
919 1
920 1
921 1
922 1
923 1
924 1
925 1
926 1
927 1
928 1
929 1
930 1
931 1
932 1
933 1
934 1
935 1
936 1
937 1
938 1
939 1
940 1
941 1
942 1
943 1
944 1
945 1
946 1
947 1
948 1
949 1
950 1
951 1
952 1
953 1
954 1
955 1
956 1
957 1
958 1
959 1
960 1
961 1
962 1
963 1
964 1
965 1
966 1
967 1
968 1
969 1
970 1
971 1
972 1
973 1
974 1
975 1
976 20
977 20
978 20
979 20
980 20
981 20
982 20
983 20
984 20
985 20
986 20
987 20
988 20
989 20
990 20
991 20
992 20
993 20
994 20
995 20
996 20
997 20
998 20
999 20
1000 20
1001 20
1002 20
1003 20
1004 20
1005 20
1006 20
1007 20
1008 20
1009 20
1010 20
1011 20
1012 20
1013 20
1014 20
1015 20
1016 20
1017 20
1018 20
1019 20
1020 20
1021 20
1022 20
1023 20
1024 20
1025 20
1026 20
1027 20
1028 20
1029 20
1030 20
1031 20
1032 20
1033 20
1034 20
1035 20
1036 20
1037 20
1038 20
1039 20
1040 20
1041 20
1042 20
1043 20
1044 20
1045 20
1046 20
1047 20
1048 20
1049 20
1050 20
1051 20
1052 20
1053 20
1054 20
1055 20
1056 20
1057 20
1058 20
1059 20
1060 20
1061 20
1062 20
1063 20
1064 20
1065 20
1066 20
1067 20
1068 20
1069 20
1070 20
1071 20
1072 20
1073 20
1074 20
1075 20
1076 20
1077 20
1078 20
1079 20
1080 20
1081 20
1082 20
1083 20
1084 20
1085 20
1086 20
1087 20
1088 20
1089 20
1090 20
1091 20
1092 20
1093 20
1094 20
1095 20
1096 6
1097 6
1098 6
1099 6
1100 6
1101 6
1102 6
1103 6
1104 6
1105 6
1106 6
1107 6
1108 6
1109 6
1110 6
1111 6
1112 6
1113 6
1114 6
1115 6
1116 6
1117 6
1118 6
1119 6
1120 6
1121 6
1122 6
1123 6
1124 6
1125 6
1126 6
1127 6
1128 6
1129 6
1130 6
1131 6
1132 6
1133 6
1134 6
1135 6
1136 6
1137 6
1138 0
1139 0
1140 0
1141 0
1142 0
1143 0
1144 0
1145 0
1146 0
1147 0
1148 0
1149 0
1150 0
1151 0
1152 0
1153 0
1154 0
1155 0
1156 0
1157 0
1158 0
1159 0
1160 0
1161 0
1162 0
1163 0
1164 0
1165 0
1166 0
1167 0
1168 0
1169 0
1170 0
1171 0
1172 0
1173 0
1174 0
1175 0
1176 0
1177 0
1178 0
1179 0
1180 0
1181 0
1182 0
1183 0
1184 0
1185 0
1186 0
1187 0
1188 0
1189 0
1190 0
1191 0
1192 0
1193 0
1194 0
1195 0
1196 0
1197 0
1198 0
1199 0
1200 0
1201 0
1202 0
1203 0
1204 0
1205 0
1206 0
1207 0
1208 0
1209 0
1210 0
1211 0
1212 0
1213 0
1214 0
1215 0
1216 0
1217 0
1218 0
1219 0
1220 0
1221 0
1222 0
1223 0
1224 0
1225 0
1226 0
1227 0
1228 0
1229 0
1230 0
1231 0
1232 0
1233 0
1234 0
1235 0
1236 0
1237 0
1238 0
1239 0
1240 0
1241 0
1242 0
1243 0
1244 0
1245 0
1246 0
1247 0
1248 0
1249 0
1250 0
1251 0
1252 0
1253 0
1254 0
1255 0
1256 0
1257 0
1258 0
1259 0
1260 0
1261 0
1262 0
1263 0
1264 0
1265 0
1266 0
1267 0
1268 0
1269 0
1270 0
1271 0
1272 0
1273 0
1274 0
1275 0
1276 0
1277 0
1278 0
1279 0
1280 0
1281 0
1282 0
1283 0
1284 0
1285 0
1286 0
1287 0
1288 0
1289 0
1290 0
1291 0
1292 0
1293 0
1294 0
1295 0
1296 0
1297 0
1298 7
1299 7
1300 7
1301 7
1302 7
1303 7
1304 7
1305 7
1306 7
1307 7
1308 7
1309 7
1310 7
1311 7
1312 7
1313 7
1314 7
1315 7
1316 3
1317 3
1318 1
1319 1
1320 1
1321 1
1322 1
1323 1
1324 1
1325 1
1326 1
1327 1
1328 1
1329 1
1330 1
1331 1
1332 1
1333 1
1334 1
1335 1
1336 5
1337 5
1338 4
1339 4
1340 4
1341 4
1342 4
1343 4
1344 4
1345 4
1346 4
1347 4
1348 4
1349 4
1350 4
1351 4
1352 4
1353 4
1354 4
1355 4
1356 4
1357 4
1358 4
1359 4
1360 4
1361 4
1362 4
1363 4
1364 4
1365 4
1366 4
1367 4
1368 4
1369 4
1370 4
1371 4
1372 4
1373 4
1374 4
1375 4
1376 4
1377 4
1378 4
1379 4
1380 4
1381 4
1382 4
1383 4
1384 4
1385 4
1386 4
1387 4
1388 4
1389 4
1390 4
1391 4
1392 4
1393 4
1394 4
1395 4
1396 4
1397 4
1398 4
1399 4
1400 4
1401 4
1402 4
1403 4
1404 4
1405 4
1406 4
1407 4
1408 4
1409 4
1410 4
1411 4
1412 4
1413 4
1414 4
1415 4
1416 4
1417 4
1418 4
1419 4
1420 4
1421 4
1422 4
1423 4
1424 11
1425 11
1426 11
1427 11
1428 11
1429 11
1430 11
1431 11
1432 11
1433 11
1434 11
1435 11
1436 11
1437 11
1438 11
1439 11
1440 11
1441 11
1442 11
1443 11
1444 11
1445 11
1446 11
1447 11
1448 11
1449 11
1450 11
1451 11
1452 11
1453 11
1454 11
1455 11
1456 11
1457 11
1458 11
1459 11
1460 11
1461 11
1462 11
1463 11
1464 11
1465 11
1466 11
1467 11
1468 11
1469 11
1470 11
1471 11
1472 11
1473 11
1474 11
1475 11
1476 11
1477 11
1478 11
1479 11
1480 11
1481 11
1482 11
1483 11
1484 11
1485 11
1486 11
1487 11
1488 11
1489 11
1490 11
1491 11
1492 11
1493 11
1494 11
1495 11
1496 11
1497 11
1498 11
1499 11
1500 11
1501 11
1502 11
1503 11
1504 11
1505 11
1506 11
1507 11
1508 11
1509 11
1510 11
1511 11
1512 11
1513 11
1514 11
1515 11
1516 11
1517 11
1518 18
1519 18
1520 18
1521 18
1522 18
1523 18
1524 18
1525 18
1526 18
1527 18
1528 18
1529 18
1530 18
1531 18
1532 18
1533 18
1534 18
1535 18
1536 18
1537 18
1538 18
1539 18
1540 18
1541 18
1542 18
1543 18
1544 18
1545 18
1546 18
1547 18
1548 18
1549 18
1550 18
1551 18
1552 18
1553 18
1554 18
1555 18
1556 18
1557 18
1558 18
1559 18
1560 18
1561 18
1562 18
1563 18
1564 18
1565 18
1566 18
1567 18
1568 18
1569 18
1570 18
1571 18
1572 18
1573 18
1574 18
1575 18
1576 18
1577 18
1578 18
1579 18
1580 18
1581 18
1582 18
1583 18
1584 18
1585 18
1586 18
1587 18
1588 18
1589 18
1590 18
1591 18
1592 18
1593 18
1594 18
1595 18
1596 18
1597 18
1598 18
1599 18
1600 18
1601 18
1602 18
1603 18
1604 18
1605 18
1606 18
1607 18
1608 18
1609 18
1610 18
1611 18
1612 18
1613 18
1614 18
1615 18
1616 18
1617 18
1618 18
1619 18
1620 18
1621 9
1622 9
1623 9
1624 9
1625 9
1626 9
1627 9
1628 9
1629 9
1630 9
1631 9
1632 9
1633 9
1634 9
1635 9
1636 9
1637 9
1638 9
1639 9
1640 9
1641 9
1642 9
1643 9
1644 9
1645 9
1646 9
1647 9
1648 9
1649 9
1650 9
1651 9
1652 9
1653 9
1654 9
1655 9
1656 9
1657 9
1658 9
1659 9
1660 9
1661 9
1662 9
1663 9
1664 9
1665 9
1666 9
1667 9
1668 9
1669 9
1670 9
1671 9
1672 9
1673 9
1674 9
1675 9
1676 9
1677 9
1678 9
1679 9
1680 9
1681 9
1682 9
1683 9
1684 9
1685 9
1686 9
1687 9
1688 9
1689 9
1690 9
1691 9
1692 9
1693 9
1694 9
1695 9
1696 9
1697 9
1698 9
1699 9
1700 9
1701 9
1702 9
1703 9
1704 9
1705 9
1706 9
1707 9
1708 9
1709 9
1710 9
1711 9
1712 9
1713 9
1714 9
1715 9
1716 9
1717 9
1718 9
1719 9
1720 9
1721 9
1722 9
1723 9
1724 10
1725 10
1726 10
1727 10
1728 10
1729 10
1730 10
1731 10
1732 10
1733 10
1734 10
1735 10
1736 10
1737 10
1738 10
1739 10
1740 10
1741 10
1742 10
1743 10
1744 10
1745 10
1746 10
1747 10
1748 10
1749 10
1750 10
1751 10
1752 10
1753 10
1754 10
1755 10
1756 10
1757 10
1758 10
1759 10
1760 10
1761 10
1762 10
1763 10
1764 10
1765 10
1766 10
1767 10
1768 10
1769 10
1770 10
1771 10
1772 10
1773 10
1774 10
1775 10
1776 10
1777 10
1778 10
1779 10
1780 10
1781 10
1782 10
1783 10
1784 10
1785 10
1786 10
1787 10
1788 10
1789 10
1790 10
1791 10
1792 10
1793 10
1794 10
1795 10
1796 10
1797 10
1798 10
1799 10
1800 10
1801 10
1802 10
1803 10
1804 10
1805 10
1806 10
1807 10
1808 10
1809 10
1810 10
1811 10
1812 10
1813 10
1814 10
1815 10
1816 10
1817 10
1818 10
1819 10
1820 10
1821 10
1822 10
1823 10
1824 10
1825 10
1826 10
1827 10
1828 10
1829 10
1830 10
1831 10
1832 10
1833 10
1834 10
1835 10
**********
1 -0.000776433427227 0.101704842131 0.0852466950603 0.000319293193337 0.980180994036 0.198103803554 100 0
2 -0.389668933692 0.00529748509133 -0.117953567481 -0.091916026631 -2.67758358066e-9 0.995766761872 100 0
3 -0.45453860531487184 0.005168486720227933 -0.16284408787144056 -1 0 0 100 0
4 0.00184737128918 0.00579911169164 -0.201746626774 1.22464679915e-16 0 -1 100 0
5 0.45455221224573417 0.005168486720227933 -0.16284408787144056 1 0 0 100 0
6 0.389682537376 0.00503949656439 -0.117953567481 0.0919153466051 -1.62628051366e-7 0.995766824642 100 0
7 0.000747741805358 -0.091362324764 0.0852724615292 -0.000310229675235 -0.980180720184 0.198105172916 100 0
8 0.0000162308097525 -0.0439715636135 0.0386582804059 6.12323399574e-17 -1 6.12323399574e-17 100 0
9 0.0000129797210647 -0.118500638143 0.0386265182157 6.12323399574e-17 -1 6.12323399574e-17 100 0
10 0.00000840091049556 3.79488221935e-7 0.0386299358641 0.0000202830905101 0.999999999746 -0.00000982809341444 0.11756662137 2
11 0.00000753735525043 1.15617833349e-7 0.0386301094984 -0.00000828373153815 -0.999999999961 0.00000299456233167 0.0817374946131 2
12 0.0000124574394593 -0.0000279574323484 0.0386700765693 0.000435543653079 -0.999999643704 -0.000723113337929 0.183912882558 2
13 0.212465125159 0.00330435218257 0.0173710291595 0.997602784938 -0.00138463341036 0.0691864601934 100 0
14 -0.212451559469 0.0070326235161 0.0173710291595 -0.997602749948 0.00138397556778 0.0691869778825 100 0
15 0.000162787559957 0.000141276835883 0.038149049759 -0.00127211694873 0.99999235386 -0.00369782921823 0.21426709774 2
16 -0.327934862072 0.00497543030122 -0.0952765203039 0 0 1 100 0
17 0.327948621852 0.00536154075185 -0.0952765203039 0 0 1 100 0
18 0.00000809089578765 0.0829735633316 0.0386264864098 6.12323399574e-17 1 6.12323399574e-17 100 0
19 -0.00000267275290067 0.0543085346666 0.0386582804059 6.12323399574e-17 1 6.12323399574e-17 100 0
20 0.0000038653153472 -1.84696124111e-7 0.0386112540856 0.000420685709127 -0.9999999115 -0.00000482559282535 0.18392404065 2
21 -0.3232267637 0.0776115043029 -0.104325068852 -0.0283408426988 0.998881372765 -0.0378523417856 100 0
22 -0.322925145794 -0.0671163390708 -0.104468029995 -0.0227607079615 -0.981472680291 -0.190245441511 100 0
23 -0.32500156721 0.00688799789441 0.00151641483144 -0.00500202752656 -0.0158917619613 -0.999861206179 0.0735477066816 2
24 0.323230739258 -0.0672745332498 -0.104688189549 0.0247219982247 -0.989592367402 -0.141759547065 100 0
25 0.322949530018 0.0774533101239 -0.104059519212 0.0225744821343 0.993787482026 -0.108980885136 100 0
26 0.324982315557 0.00522036478873 0.00169503674064 0.00522407003092 -0.000520460548626 -0.999986219012 0.0735553858677 2