0 8
1 8
2 8
3 8
4 8
5 8
6 8
7 8
8 8
9 8
10 8
11 8
12 8
13 8
14 8
15 8
16 8
17 8
18 8
19 8
20 8
21 8
22 8
23 8
24 8
25 8
26 8
27 8
28 8
29 8
30 8
31 8
32 8
33 8
34 8
35 8
36 8
37 8
38 8
39 8
40 8
41 8
42 8
43 8
44 8
45 8
46 8
47 8
48 8
49 8
50 8
51 8
52 8
53 8
54 8
55 8
56 8
57 8
58 8
59 8
60 8
61 8
62 8
63 8
64 8
65 8
66 8
67 8
68 8
69 8
70 8
71 8
72 8
73 8
74 8
75 8
76 8
77 8
78 8
79 8
80 8
81 8
82 8
83 8
84 8
85 8
86 8
87 8
88 8
89 8
90 11
91 11
92 11
93 11
94 11
95 11
96 11
97 11
98 11
99 11
100 11
101 11
102 11
103 11
104 11
105 11
106 11
107 11
108 11
109 11
110 11
111 11
112 11
113 11
114 11
115 11
116 11
117 11
118 11
119 11
120 11
121 11
122 11
123 11
124 11
125 11
126 11
127 11
128 11
129 11
130 11
131 11
132 11
133 11
134 11
135 11
136 11
137 11
138 11
139 11
140 11
141 11
142 11
143 11
144 11
145 11
146 11
147 11
148 11
149 11
150 11
151 11
152 11
153 11
154 11
155 11
156 11
157 11
158 11
159 11
160 11
161 11
162 11
163 11
164 11
165 11
166 11
167 11
168 11
169 11
170 11
171 11
172 11
173 11
174 11
175 11
176 11
177 11
178 11
179 11
180 11
181 11
182 11
183 11
184 11
185 11
186 11
187 11
188 11
189 11
190 4
191 4
192 4
193 4
194 4
195 4
196 4
197 4
198 4
199 4
200 4
201 4
202 4
203 4
204 4
205 4
206 4
207 4
208 4
209 4
210 4
211 4
212 4
213 4
214 4
215 4
216 4
217 4
218 4
219 4
220 4
221 4
222 4
223 4
224 4
225 4
226 4
227 4
228 4
229 4
230 4
231 4
232 4
233 4
234 4
235 4
236 4
237 4
238 4
239 4
240 4
241 4
242 4
243 4
244 4
245 4
246 4
247 4
248 4
249 4
250 4
251 4
252 4
253 4
254 4
255 4
256 4
257 4
258 4
259 4
260 4
261 4
262 4
263 4
264 4
265 4
266 4
267 4
268 4
269 4
270 4
271 4
272 4
273 4
274 4
275 4
276 4
277 4
278 4
279 4
280 4
281 4
282 4
283 4
284 4
285 4
286 4
287 4
288 4
289 4
290 9
291 9
292 9
293 9
294 9
295 9
296 9
297 9
298 9
299 9
300 9
301 9
302 9
303 9
304 9
305 9
306 9
307 9
308 9
309 9
310 9
311 9
312 9
313 9
314 9
315 9
316 9
317 9
318 9
319 9
320 9
321 9
322 9
323 9
324 9
325 9
326 9
327 9
328 9
329 9
330 9
331 9
332 9
333 9
334 9
335 9
336 9
337 9
338 9
339 9
340 9
341 9
342 9
343 9
344 9
345 9
346 9
347 9
348 9
349 9
350 9
351 9
352 9
353 9
354 9
355 9
356 9
357 9
358 9
359 9
360 9
361 9
362 9
363 9
364 9
365 9
366 9
367 9
368 9
369 9
370 9
371 9
372 9
373 9
374 9
375 9
376 9
377 9
378 9
379 9
380 9
381 9
382 9
383 9
384 9
385 9
386 9
387 9
388 9
389 9
390 9
391 9
392 9
393 9
394 9
395 9
396 9
397 9
398 9
399 9
400 0
401 0
402 0
403 0
404 0
405 0
406 0
407 0
408 0
409 0
410 0
411 0
412 0
413 0
414 0
415 0
416 0
417 0
418 0
419 0
420 0
421 0
422 0
423 0
424 0
425 0
426 0
427 0
428 0
429 0
430 0
431 0
432 0
433 0
434 0
435 0
436 0
437 0
438 0
439 0
440 0
441 0
442 0
443 0
444 0
445 0
446 0
447 0
448 0
449 0
450 0
451 0
452 0
453 0
454 0
455 0
456 0
457 0
458 0
459 0
460 0
461 0
462 0
463 0
464 0
465 0
466 0
467 0
468 0
469 0
470 0
471 0
472 0
473 0
474 10
475 10
476 10
477 10
478 10
479 10
480 10
481 10
482 10
483 10
484 10
485 10
486 10
487 10
488 10
489 10
490 10
491 10
492 10
493 10
494 10
495 10
496 10
497 10
498 10
499 10
500 10
501 10
502 10
503 10
504 10
505 10
506 10
507 10
508 10
509 10
510 10
511 10
512 10
513 10
514 10
515 10
516 10
517 10
518 10
519 10
520 10
521 10
522 10
523 10
524 10
525 10
526 10
527 10
528 10
529 10
530 10
531 10
532 10
533 10
534 10
535 10
536 10
537 10
538 10
539 10
540 10
541 10
542 10
543 10
544 10
545 10
546 10
547 10
548 10
549 10
550 10
551 10
552 10
553 10
554 10
555 21
556 21
557 22
558 22
559 23
560 23
561 23
562 23
563 23
564 23
565 23
566 23
567 23
568 23
569 23
570 23
571 23
572 23
573 23
574 23
575 23
576 23
577 23
578 23
579 23
580 23
581 23
582 23
583 23
584 23
585 23
586 23
587 23
588 23
589 23
590 23
591 23
592 23
593 23
594 23
595 23
596 23
597 23
598 23
599 23
600 23
601 23
602 23
603 23
604 23
605 23
606 23
607 23
608 23
609 23
610 23
611 23
612 23
613 23
614 23
615 3
616 3
617 3
618 3
619 3
620 3
621 3
622 3
623 3
624 3
625 3
626 3
627 3
628 3
629 3
630 3
631 3
632 3
633 3
634 3
635 3
636 3
637 3
638 3
639 3
640 3
641 3
642 3
643 3
644 3
645 3
646 3
647 3
648 3
649 3
650 3
651 3
652 3
653 3
654 3
655 3
656 3
657 3
658 3
659 3
660 3
661 3
662 3
663 3
664 3
665 3
666 3
667 3
668 3
669 3
670 3
671 3
672 3
673 3
674 3
675 3
676 3
677 3
678 3
679 3
680 3
681 3
682 3
683 3
684 3
685 3
686 3
687 3
688 3
689 3
690 3
691 3
692 3
693 3
694 3
695 3
696 3
697 3
698 3
699 3
700 3
701 3
702 3
703 3
704 3
705 3
706 3
707 3
708 3
709 1
710 1
711 1
712 1
713 1
714 1
715 1
716 1
717 7
718 7
719 7
720 7
721 7
722 7
723 7
724 7
725 7
726 7
727 7
728 7
729 7
730 7
731 7
732 7
733 7
734 7
735 7
736 7
737 7
738 7
739 7
740 7
741 7
742 7
743 7
744 7
745 7
746 7
747 7
748 7
749 7
750 7
751 7
752 7
753 7
754 7
755 7
756 7
757 7
758 7
759 7
760 7
761 7
762 7
763 7
764 7
765 7
766 7
767 7
768 7
769 7
770 7
771 7
772 7
773 7
774 7
775 7
776 7
777 7
778 7
779 7
780 7
781 7
782 7
783 7
784 7
785 7
786 7
787 7
788 7
789 7
790 7
791 7
792 7
793 7
794 7
795 7
796 7
797 7
798 24
799 24
800 26
801 26
802 26
803 26
804 26
805 26
806 26
807 26
808 26
809 26
810 26
811 26
812 26
813 26
814 26
815 26
816 26
817 26
818 26
819 26
820 26
821 26
822 26
823 26
824 26
825 26
826 26
827 26
828 26
829 26
830 26
831 26
832 26
833 26
834 26
835 26
836 26
837 26
838 26
839 26
840 26
841 26
842 26
843 26
844 26
845 26
846 26
847 26
848 26
849 26
850 26
851 26
852 26
853 26
854 26
855 26
856 25
857 25
858 2
859 2
860 2
861 2
862 2
863 2
864 2
865 2
866 20
867 20
868 20
869 20
870 20
871 20
872 20
873 20
874 20
875 20
876 20
877 20
878 20
879 20
880 20
881 20
882 20
883 20
884 20
885 20
886 20
887 20
888 20
889 20
890 20
891 20
892 20
893 20
894 20
895 20
896 20
897 20
898 20
899 20
900 20
901 20
902 20
903 20
904 20
905 20
906 20
907 20
908 20
909 20
910 20
911 20
912 20
913 20
914 20
915 20
916 20
917 20
918 20
919 20
920 20
921 20
922 20
923 20
924 20
925 20
926 20
927 20
928 19
929 19
930 19
931 19
932 19
933 19
934 19
935 19
936 19
937 19
938 19
939 19
940 19
941 19
942 19
943 19
944 19
945 19
946 19
947 19
948 19
949 19
950 19
951 19
952 19
953 19
954 19
955 19
956 19
957 19
958 19
959 19
960 19
961 19
962 19
963 19
964 19
965 19
966 19
967 19
968 19
969 19
970 19
971 19
972 19
973 19
974 19
975 19
976 19
977 19
978 19
979 19
980 19
981 19
982 19
983 19
984 19
985 19
986 19
987 19
988 19
989 19
990 13
991 13
992 13
993 13
994 13
995 13
996 13
997 13
998 13
999 13
1000 13
1001 13
1002 13
1003 13
1004 13
1005 13
1006 13
1007 13
1008 13
1009 13
1010 13
1011 13
1012 13
1013 13
1014 13
1015 13
1016 13
1017 13
1018 13
1019 13
1020 13
1021 13
1022 13
1023 13
1024 13
1025 13
1026 13
1027 13
1028 13
1029 13
1030 13
1031 13
1032 13
1033 13
1034 13
1035 13
1036 13
1037 13
1038 13
1039 13
1040 13
1041 13
1042 13
1043 13
1044 13
1045 13
1046 13
1047 13
1048 13
1049 13
1050 13
1051 13
1052 13
1053 13
1054 13
1055 13
1056 13
1057 13
1058 13
1059 13
1060 13
1061 13
1062 13
1063 13
1064 13
1065 13
1066 13
1067 13
1068 13
1069 13
1070 13
1071 13
1072 13
1073 13
1074 13
1075 13
1076 13
1077 13
1078 13
1079 13
1080 13
1081 13
1082 13
1083 13
1084 13
1085 13
1086 13
1087 13
1088 13
1089 13
1090 13
1091 13
1092 13
1093 13
1094 13
1095 13
1096 13
1097 13
1098 13
1099 13
1100 13
1101 13
1102 13
1103 13
1104 13
1105 13
1106 13
1107 13
1108 13
1109 13
1110 13
1111 13
1112 13
1113 13
1114 13
1115 12
1116 12
1117 12
1118 12
1119 12
1120 12
1121 12
1122 12
1123 12
1124 12
1125 12
1126 12
1127 12
1128 12
1129 12
1130 12
1131 12
1132 12
1133 12
1134 12
1135 12
1136 12
1137 12
1138 12
1139 12
1140 12
1141 12
1142 12
1143 12
1144 12
1145 12
1146 12
1147 12
1148 12
1149 12
1150 12
1151 12
1152 12
1153 12
1154 12
1155 12
1156 12
1157 12
1158 12
1159 12
1160 12
1161 12
1162 12
1163 12
1164 12
1165 12
1166 12
1167 12
1168 12
1169 12
1170 12
1171 12
1172 12
1173 12
1174 12
1175 12
1176 12
1177 12
1178 12
1179 12
1180 12
1181 12
1182 12
1183 12
1184 12
1185 12
1186 12
1187 12
1188 12
1189 12
1190 12
1191 12
1192 12
1193 12
1194 12
1195 12
1196 12
1197 12
1198 12
1199 12
1200 12
1201 12
1202 12
1203 12
1204 12
1205 12
1206 12
1207 12
1208 12
1209 12
1210 12
1211 12
1212 12
1213 12
1214 12
1215 12
1216 12
1217 12
1218 12
1219 12
1220 12
1221 12
1222 12
1223 12
1224 12
1225 12
1226 12
1227 12
1228 12
1229 12
1230 12
1231 12
1232 12
1233 12
1234 12
1235 18
1236 18
1237 18
1238 18
1239 18
1240 18
1241 18
1242 18
1243 18
1244 18
1245 18
1246 18
1247 18
1248 18
1249 18
1250 18
1251 18
1252 18
1253 18
1254 18
1255 18
1256 18
1257 18
1258 18
1259 18
1260 18
1261 18
1262 18
1263 18
1264 18
1265 18
1266 18
1267 18
1268 18
1269 18
1270 18
1271 18
1272 18
1273 18
1274 18
1275 18
1276 18
1277 5
1278 5
1279 5
1280 5
1281 5
1282 5
1283 5
1284 5
1285 5
1286 5
1287 5
1288 5
1289 5
1290 5
1291 5
1292 5
1293 5
1294 5
1295 5
1296 5
1297 5
1298 5
1299 5
1300 5
1301 5
1302 5
1303 5
1304 5
1305 5
1306 5
1307 5
1308 5
1309 5
1310 5
1311 5
1312 5
1313 5
1314 5
1315 5
1316 5
1317 5
1318 5
1319 5
1320 5
1321 5
1322 5
1323 5
1324 5
1325 5
1326 5
1327 5
1328 5
1329 5
1330 5
1331 5
1332 5
1333 5
1334 5
1335 5
1336 5
1337 5
1338 5
1339 5
1340 5
1341 5
1342 5
1343 5
1344 5
1345 5
1346 5
1347 5
1348 5
1349 5
1350 5
1351 5
1352 5
1353 5
1354 5
1355 5
1356 5
1357 5
1358 5
1359 5
1360 5
1361 5
1362 5
1363 5
1364 5
1365 5
1366 5
1367 5
1368 5
1369 5
1370 5
1371 5
1372 5
1373 5
1374 5
1375 5
1376 5
1377 5
1378 5
1379 5
1380 5
1381 5
1382 5
1383 5
1384 5
1385 5
1386 5
1387 5
1388 5
1389 5
1390 5
1391 5
1392 5
1393 5
1394 5
1395 5
1396 5
1397 6
1398 6
1399 6
1400 6
1401 6
1402 6
1403 6
1404 6
1405 6
1406 6
1407 6
1408 6
1409 6
1410 6
1411 6
1412 6
1413 6
1414 6
1415 6
1416 6
1417 6
1418 6
1419 6
1420 6
1421 6
1422 6
1423 6
1424 6
1425 6
1426 6
1427 6
1428 6
1429 6
1430 6
1431 6
1432 6
1433 6
1434 6
1435 6
1436 6
1437 6
1438 6
1439 6
1440 6
1441 6
1442 6
1443 6
1444 6
1445 6
1446 6
1447 6
1448 6
1449 6
1450 6
1451 6
1452 6
1453 6
1454 6
1455 6
1456 6
1457 6
1458 6
1459 6
1460 6
1461 6
1462 6
1463 6
1464 6
1465 6
1466 6
1467 6
1468 6
1469 6
1470 6
1471 6
1472 6
1473 6
1474 6
1475 6
1476 6
1477 6
1478 6
1479 6
1480 6
1481 6
1482 6
1483 6
1484 6
1485 6
1486 6
1487 6
1488 6
1489 6
1490 6
1491 6
1492 6
1493 6
1494 6
1495 6
1496 6
1497 6
1498 6
1499 6
1500 6
1501 6
1502 6
1503 6
1504 6
1505 6
1506 6
1507 6
1508 6
1509 6
1510 6
1511 6
1512 6
1513 6
1514 6
1515 6
1516 6
1517 6
1518 6
1519 6
1520 6
1521 6
1522 14
1523 14
1524 14
1525 14
1526 14
1527 14
1528 14
1529 14
1530 14
1531 14
1532 14
1533 14
1534 14
1535 14
1536 14
1537 14
1538 14
1539 14
1540 14
1541 14
1542 14
1543 14
1544 14
1545 14
1546 14
1547 14
1548 14
1549 14
1550 14
1551 14
1552 14
1553 14
1554 14
1555 14
1556 14
1557 14
1558 14
1559 14
1560 14
1561 14
1562 14
1563 14
1564 32
1565 32
1566 34
1567 34
1568 34
1569 34
1570 34
1571 34
1572 34
1573 34
1574 34
1575 34
1576 34
1577 34
1578 34
1579 34
1580 34
1581 34
1582 34
1583 34
1584 34
1585 34
1586 34
1587 34
1588 34
1589 34
1590 34
1591 34
1592 34
1593 34
1594 34
1595 34
1596 34
1597 34
1598 34
1599 34
1600 34
1601 34
1602 34
1603 34
1604 31
1605 31
1606 33
1607 33
1608 33
1609 33
1610 33
1611 33
1612 33
1613 33
1614 33
1615 33
1616 33
1617 33
1618 33
1619 33
1620 33
1621 33
1622 33
1623 33
1624 33
1625 33
1626 33
1627 33
1628 33
1629 33
1630 33
1631 33
1632 33
1633 33
1634 33
1635 33
1636 33
1637 33
1638 33
1639 33
1640 33
1641 33
1642 33
1643 33
1644 27
1645 27
1646 29
1647 29
1648 29
1649 29
1650 29
1651 29
1652 29
1653 29
1654 29
1655 29
1656 29
1657 29
1658 29
1659 29
1660 29
1661 29
1662 29
1663 29
1664 29
1665 29
1666 29
1667 29
1668 29
1669 29
1670 29
1671 29
1672 29
1673 29
1674 29
1675 29
1676 29
1677 29
1678 29
1679 29
1680 29
1681 29
1682 29
1683 29
1684 28
1685 28
1686 30
1687 30
1688 30
1689 30
1690 30
1691 30
1692 30
1693 30
1694 30
1695 30
1696 30
1697 30
1698 30
1699 30
1700 30
1701 30
1702 30
1703 30
1704 30
1705 30
1706 30
1707 30
1708 30
1709 30
1710 30
1711 30
1712 30
1713 30
1714 30
1715 30
1716 30
1717 30
1718 30
1719 30
1720 30
1721 30
1722 30
1723 30
1724 12
1725 12
1726 12
1727 12
1728 12
1729 12
1730 12
1731 12
1732 12
1733 12
1734 12
1735 12
1736 12
1737 12
1738 12
1739 12
1740 12
1741 17
1742 17
1743 5
1744 5
1745 5
1746 5
1747 5
1748 5
1749 5
1750 5
1751 5
1752 5
1753 5
1754 5
1755 5
1756 5
1757 5
1758 5
1759 5
1760 15
1761 15
1762 16
1763 16
1764 16
1765 16
1766 16
1767 16
1768 16
1769 16
1770 16
1771 16
1772 16
1773 16
1774 16
1775 16
1776 16
1777 16
1778 16
1779 16
1780 16
1781 16
1782 16
1783 16
1784 16
1785 16
1786 16
1787 16
1788 16
1789 16
1790 16
1791 16
1792 16
1793 16
1794 16
1795 16
1796 16
1797 16
1798 16
1799 16
1800 16
1801 16
1802 16
1803 16
1804 16
1805 16
1806 16
1807 16
1808 16
1809 16
1810 16
1811 16
1812 16
1813 16
1814 16
1815 16
1816 16
1817 16
1818 16
1819 16
1820 16
1821 16
1822 16
1823 16
1824 16
1825 16
1826 16
1827 16
1828 16
1829 16
1830 16
1831 16
1832 16
1833 16
1834 16
1835 16
1836 16
1837 16
1838 16
1839 16
1840 16
1841 16
1842 16
1843 16
1844 16
1845 16
1846 16
1847 16
**********
1 -0.228300565915 0.0056787444014 0.0274007479383 -0.990576700133 -0.00033117375745 0.1369587218 100 0
2 0.228585372838 0.00420267818367 0.0274007479383 0.990576681358 0.000331864265253 0.136958855924 100 0
3 -2.31595371676e-8 4.62322212929e-8 0.0448161977192 0.0000558678298352 -0.999999998439 0.00000103162511428 0.226819710401 2
4 0.000142134902978 0.0907992959486 0.0447238899136 6.12323399574e-17 1 6.12323399574e-17 100 0
5 -0.00168130802068 0.0984348755893 0.0902200156356 -0.000118763233042 0.988978072658 0.148062006254 100 0
6 -0.0000183623450316 -1.06773659662e-12 0.0446784446696 -0.00173774487215 -0.99999849012 -7.14217759599e-7 0.196606327218 2
7 0.000137208062557 0.0630215181708 0.0447420394543 6.12323399574e-17 1 6.12323399574e-17 100 0
8 -6.82598083768e-12 4.99935490458e-16 0.044724377502 0.00157423783701 -0.999998760887 2.51443458992e-13 0.0755934582388 2
9 -5.40356983506e-13 3.3972346627e-14 0.044722533461 0.0014709546658 -0.999998918146 7.77396712783e-13 0.113217235659 2
10 0.000147161506461 -0.0531400979908 0.0447420394543 6.12323399574e-17 -1 6.12323399574e-17 100 0
11 0.000142158472002 -0.126372421223 0.0447238899136 6.12323399574e-17 -1 6.12323399574e-17 100 0
12 -0.00147397898394 -0.0885495815121 0.0902497140799 -0.000253975117851 -0.988975690838 0.148077744538 100 0
13 -0.00033163714233 0.0000221678820121 0.0447150306118 0.00631970043987 -0.999979883272 0.000542620303041 0.196647381703 2
14 0.41708717659 0.00261629691062 -0.134309104555 0.0738724418076 -8.34885324189e-8 0.997267698435 100 0
15 0.4546875052733484 0.004940710090030793 -0.1724478491436101 1 0 0 100 0
16 0.00247729625114 0.00573116698456 -0.207801384497 1.22464679915e-16 0 -1 100 0
17 -0.4544032909301869 0.004940710090030793 -0.1724478491436101 -1 0 0 100 0
18 -0.416802620331 0.00726512487278 -0.134309104555 -0.0738716562397 2.73894112344e-9 0.997267756625 100 0
19 0.364194673732 0.00514309740403 -0.116892293588 0 0 1 100 0
20 -0.363910333328 0.00473832929281 -0.116892293588 0 0 1 100 0
21 -0.35911552503 0.0868428612311 -0.124071848395 -0.0286614474326 0.997025878348 -0.0715396347207 100 0
22 -0.358857023346 -0.0767827179403 -0.124211254026 -0.021394858899 -0.954634756911 -0.297009664676 100 0
23 -0.360295700237 -0.000427203301855 0.00202145965462 -0.00565539023806 0.04207792694 -0.999098325805 0.0830855923354 2
24 0.359167724129 0.0866641949385 -0.123862432477 0.0206935145522 0.981738184202 -0.189108212765 100 0
25 0.359377928019 -0.0769614298277 -0.124381911994 0.02359954111 -0.970340826152 -0.240586248075 100 0
26 0.362294718366 0.00663381302692 -0.00366543053239 0.00985974837824 0.0139827930635 0.999853622717 0.083285617242 2
27 0.353677404263 0.0471706090799 -0.162346839043 4.78335654589e-10 -1 -3.77319669783e-10 100 0
28 0.349157833556 -0.0374782924352 -0.162346839043 0.0345909447424 0.999392597527 0.00423114045528 100 0
29 0.345947974382 0.00628357473928 0.000743103133171 0.00230851041544 -0.00884088960301 -0.999958253854 0.0429069390647 2
30 0.360920159649 0.00312940074639 0.0000972756680176 0.000173940622819 0.0110216247342 -0.999939244921 0.0429132388752 2
31 -0.353393151292 -0.0372891888999 -0.162346839043 -3.16175965792e-7 1 8.66212796508e-9 100 0
32 -0.353393151292 0.0471706090799 -0.162346839043 -3.14846304744e-7 -1 -9.20605985316e-9 100 0
33 -0.346279416645 0.00327152179732 0.00082103728168 -0.00226835070722 0.0108523379298 -0.999938538785 0.0434126707567 2
34 -0.359590509981 0.00630472009581 0.00130381446396 -0.00376248898693 -0.00780205645569 -0.999962485092 0.0433453828604 2