0 2
1 2
2 2
3 2
4 2
5 2
6 2
7 2
8 2
9 2
10 2
11 2
12 2
13 2
14 2
15 2
16 2
17 2
18 2
19 2
20 2
21 2
22 2
23 2
24 2
25 2
26 2
27 2
28 2
29 2
30 2
31 2
32 2
33 2
34 2
35 2
36 2
37 2
38 2
39 2
40 2
41 2
42 2
43 2
44 2
45 2
46 2
47 2
48 2
49 2
50 2
51 2
52 2
53 2
54 2
55 2
56 2
57 2
58 2
59 2
60 2
61 2
62 2
63 2
64 2
65 2
66 2
67 2
68 2
69 2
70 2
71 2
72 2
73 2
74 2
75 2
76 2
77 2
78 2
79 2
80 2
81 2
82 2
83 2
84 11
85 11
86 11
87 11
88 11
89 10
90 10
91 9
92 9
93 8
94 8
95 8
96 8
97 8
98 18
99 18
100 18
101 18
102 18
103 18
104 18
105 18
106 18
107 18
108 18
109 18
110 18
111 18
112 18
113 18
114 18
115 18
116 18
117 18
118 18
119 18
120 18
121 18
122 18
123 18
124 18
125 18
126 18
127 18
128 18
129 18
130 18
131 18
132 18
133 18
134 18
135 18
136 16
137 16
138 17
139 17
140 17
141 17
142 17
143 17
144 17
145 17
146 17
147 17
148 17
149 17
150 17
151 17
152 17
153 17
154 17
155 17
156 17
157 17
158 17
159 17
160 17
161 17
162 17
163 17
164 17
165 17
166 17
167 17
168 17
169 17
170 17
171 17
172 17
173 17
174 17
175 17
176 15
177 15
178 14
179 14
180 14
181 14
182 14
183 14
184 14
185 14
186 14
187 14
188 14
189 14
190 14
191 14
192 14
193 14
194 14
195 14
196 14
197 14
198 14
199 14
200 14
201 14
202 14
203 14
204 14
205 14
206 14
207 14
208 14
209 14
210 14
211 14
212 14
213 14
214 14
215 14
216 14
217 14
218 14
219 14
220 14
221 14
222 14
223 14
224 14
225 14
226 14
227 14
228 14
229 14
230 14
231 14
232 14
233 14
234 14
235 14
236 14
237 14
238 14
239 14
240 14
241 14
242 14
243 14
244 14
245 14
246 14
247 14
248 14
249 14
250 14
251 14
252 3
253 3
254 3
255 3
256 3
257 3
258 3
259 3
260 3
261 3
262 3
263 3
264 3
265 3
266 3
267 3
268 3
269 3
270 3
271 3
272 3
273 3
274 3
275 3
276 3
277 3
278 3
279 3
280 3
281 3
282 3
283 3
284 3
285 3
286 3
287 3
288 3
289 3
290 3
291 3
292 3
293 3
294 3
295 3
296 3
297 3
298 3
299 3
300 12
301 0
302 11
303 11
304 11
305 11
306 11
307 11
308 0
309 11
310 0
311 0
312 0
313 0
314 0
315 0
316 0
317 0
318 0
319 0
320 12
321 12
322 12
323 12
324 12
325 12
326 12
327 12
328 12
329 12
330 12
331 12
332 0
333 0
334 0
335 0
336 0
337 0
338 0
339 0
340 0
341 0
342 0
343 0
344 11
345 11
346 11
347 11
348 11
349 11
350 11
351 12
352 12
353 12
354 12
355 12
356 12
357 12
358 12
359 12
360 12
361 12
362 12
363 12
364 12
365 12
366 0
367 12
368 0
369 0
370 0
371 0
372 0
373 0
374 0
375 0
376 0
377 0
378 0
379 0
380 0
381 11
382 11
383 11
384 11
385 11
386 11
387 11
388 11
389 11
390 11
391 11
392 11
393 11
394 11
395 11
396 11
397 5
398 5
399 5
400 5
401 5
402 5
403 5
404 5
405 5
406 5
407 5
408 5
409 5
410 5
411 5
412 5
413 5
414 5
415 5
416 5
417 5
418 5
419 5
420 5
421 5
422 5
423 5
424 5
425 5
426 5
427 5
428 5
429 5
430 5
431 5
432 5
433 5
434 5
435 5
436 5
437 5
438 5
439 5
440 5
441 5
442 5
443 5
444 5
445 5
446 5
447 5
448 5
449 5
450 5
451 5
452 5
453 5
454 5
455 5
456 5
457 5
458 5
459 5
460 5
461 5
462 5
463 5
464 5
465 5
466 5
467 5
468 5
469 5
470 5
471 5
472 5
473 5
474 5
475 5
476 5
477 5
478 5
479 5
480 5
481 8
482 8
483 8
484 8
485 8
486 8
487 8
488 8
489 8
490 8
491 8
492 8
493 8
494 8
495 8
496 8
497 8
498 8
499 8
500 8
501 8
502 8
503 7
504 8
505 8
506 8
507 7
508 7
509 7
510 8
511 8
512 7
513 7
514 8
515 8
516 8
517 8
518 8
519 8
520 8
521 8
522 8
523 8
524 8
525 8
526 8
527 8
528 8
529 8
530 8
531 8
532 8
533 7
534 7
535 7
536 8
537 8
538 8
539 8
540 8
541 8
542 8
543 8
544 8
545 8
546 7
547 1
548 1
549 13
550 13
551 12
552 12
553 12
554 12
555 12
556 6
557 6
558 6
559 6
560 6
561 6
562 6
563 6
564 6
565 6
566 6
567 6
568 6
569 6
570 6
571 6
572 6
573 6
574 6
575 6
576 6
577 6
578 6
579 6
580 6
581 6
582 6
583 6
584 6
585 6
586 6
587 6
588 6
589 6
590 6
591 6
592 6
593 6
594 6
595 6
596 6
597 6
598 6
599 6
600 6
601 6
602 6
603 7
604 7
605 7
606 7
607 7
608 4
609 4
**********
1 0.00532945651348 0.0170392023758 0.0137510565655 -0.0000457896646835 -0.00130187194641 0.999999151516 100 0
2 0.0401971420572 -0.00397726088651 -0.0090220184125 -0.00000614762170059 -0.999999433438 0.00106446544235 100 0
3 0.00000113823874127 0.00227763445264 0.007509569392 0.999999980572 -0.000169837563289 -0.000100060442142 0.00640167419925 2
4 0.00528844290518 0.0173995432849 0.0112574398427 0.0000691684279983 0.000813214511608 -0.999999666949 100 0
5 0.0384293004694 -0.00145241924498 -0.0083451983039 4.61054309358e-7 0.999999546112 -0.000952772227995 100 0
6 -9.5595279254e-7 0.00192492809504 0.0079124556701 0.999999991634 0.0000805272805651 0.000101225661559 0.00337825746118 2
7 0.406680243237 0.00831552622304 0.0118794253598 0.934340737924 -0.338091031784 -0.112702438675 100 0
8 0.401915616663 -0.00203461008324 0.00788492132852 0.933776733353 -0.13262900871 -0.332371115317 100 0
9 -0.023701621304977577 -0.0027215203956437277 -0.03351089115123317 0 0 -1 100 0
10 -0.4342854761997586 -0.0027215203956437277 -0.016210914767605226 -1 0 0 100 0
11 -0.422859992958 -0.0027866475409 0.00802962278325 -0.525489289086 0.119436727994 0.842375139152 100 0
12 -0.401101157263 0.00833825610758 0.0125810958472 -0.51303358854 0.851335941779 0.109652411122 100 0
13 0.1044349482362682 0.14279615313339666 0.012574962289423394 -0.14201191503766758 0.989864948357772 0 100 0
14 -0.207012535835 0.000015062871481 -0.00931055244915 -0.0000728822461669 -0.999999997341 0.0000026493761293 0.00943944581371 2
15 0.287515651098 -0.00272152039564 0.00000484444430555 -3.66316942737e-12 0 -1 100 0
16 0.287515651098 -0.00272152039564 -0.0186259678453 5.12035562359e-17 0 1 100 0
17 0.275941681122 -0.0000114331527343 -0.00931059642865 -0.0000410448729876 -0.999999999091 0.0000115096246578 0.00944100794167 2
18 0.299089727793 -3.13946352987e-7 -0.00931053450856 0.00000139605269437 0.999999999937 0.0000111270375809 0.00944098247071 2