0 0
1 0
2 0
3 0
4 0
5 0
6 0
7 0
8 0
9 0
10 0
11 0
12 0
13 0
14 0
15 0
16 0
17 0
18 0
19 0
20 0
21 0
22 0
23 0
24 0
25 0
26 0
27 0
28 0
29 0
30 0
31 0
32 0
33 0
34 0
35 0
36 0
37 0
38 0
39 0
40 0
41 0
42 0
43 0
44 0
45 0
46 0
47 0
48 0
49 0
50 0
51 0
52 0
53 0
54 0
55 0
56 0
57 0
58 0
59 0
60 0
61 0
62 0
63 0
64 0
65 0
66 0
67 0
68 0
69 0
70 0
71 0
72 0
73 0
74 0
75 0
76 0
77 0
78 0
79 0
80 0
81 0
82 0
83 0
84 0
85 0
86 0
87 0
88 0
89 0
90 0
91 0
92 0
93 0
94 0
95 0
96 0
97 0
98 0
99 0
100 0
101 0
102 0
103 0
104 0
105 0
106 0
107 0
108 0
109 0
110 0
111 0
112 0
113 0
114 0
115 0
116 0
117 0
118 0
119 0
120 0
121 0
122 0
123 0
124 0
125 0
126 0
127 0
128 0
129 0
130 0
131 0
132 0
133 0
134 0
135 0
136 0
137 0
138 0
139 0
140 0
141 0
142 0
143 0
144 0
145 0
146 0
147 0
148 0
149 0
150 0
151 0
152 0
153 0
154 0
155 0
156 0
157 0
158 0
159 0
160 0
161 0
162 0
163 0
164 0
165 0
166 0
167 0
168 0
169 0
170 0
171 0
172 0
173 0
174 0
175 0
176 0
177 0
178 0
179 0
180 0
181 0
182 0
183 0
184 0
185 0
186 0
187 0
188 0
189 0
190 0
191 0
192 0
193 0
194 0
195 0
196 0
197 0
198 0
199 0
200 0
201 0
202 0
203 0
204 0
205 0
206 0
207 0
208 0
209 0
210 0
211 0
212 0
213 0
214 0
215 0
216 0
217 0
218 0
219 0
220 0
221 0
222 0
223 0
224 0
225 0
226 0
227 0
228 0
229 0
230 0
231 0
232 0
233 0
234 0
235 0
236 0
237 0
238 0
239 0
240 0
241 0
242 0
243 0
244 0
245 0
246 0
247 0
248 0
249 0
250 0
251 0
252 0
253 0
254 0
255 0
256 0
257 0
258 0
259 0
260 0
261 0
262 0
263 0
264 0
265 0
266 0
267 0
268 0
269 0
270 0
271 0
272 0
273 0
274 0
275 0
276 0
277 0
278 0
279 0
280 0
281 0
282 0
283 0
284 0
285 0
286 0
287 0
288 0
289 0
290 0
291 0
292 0
293 0
294 0
295 0
296 0
297 0
298 0
299 0
300 0
301 0
302 0
303 0
304 0
305 0
306 0
307 0
308 0
309 0
310 0
311 0
312 0
313 0
314 0
315 0
316 0
317 0
318 0
319 0
320 0
321 0
322 0
323 0
324 0
325 0
326 0
327 0
328 0
329 0
330 0
331 0
332 0
333 0
334 0
335 0
336 0
337 0
338 0
339 0
340 0
341 0
342 0
343 0
344 0
345 0
346 0
347 0
348 0
349 0
350 0
351 0
352 0
353 0
354 0
355 0
356 0
357 0
358 0
359 0
360 0
361 0
362 0
363 0
364 0
365 0
366 0
367 0
368 0
369 0
370 0
371 0
372 0
373 0
374 0
375 0
376 0
377 0
378 0
379 0
380 0
381 0
382 0
383 0
384 0
385 0
386 0
387 0
388 0
389 0
390 0
391 0
392 0
393 0
394 0
395 0
396 0
397 0
398 0
399 0
400 0
401 0
402 0
403 0
404 0
405 0
406 0
407 0
408 0
409 0
410 0
411 0
412 0
413 0
414 0
415 0
416 0
417 0
418 0
419 0
420 0
421 0
422 0
423 0
424 0
425 0
426 0
427 0
428 0
429 0
430 0
431 0
432 0
433 0
434 0
435 0
436 0
437 0
438 0
439 0
440 0
441 0
442 0
443 0
444 0
445 0
446 0
447 0
448 0
449 0
450 0
451 0
452 0
453 0
454 0
455 0
456 0
457 0
458 0
459 0
460 0
461 0
462 0
463 0
464 0
465 0
466 0
467 0
468 0
469 0
470 0
471 0
472 0
473 0
474 0
475 0
476 0
477 0
478 0
479 0
480 0
481 0
482 0
483 0
484 0
485 0
486 0
487 0
488 0
489 0
490 0
491 37
492 37
493 37
494 37
495 37
496 37
497 0
498 0
499 0
500 0
501 0
502 0
503 0
504 0
505 0
506 0
507 0
508 0
509 0
510 0
511 0
512 0
513 0
514 0
515 0
516 0
517 0
518 0
519 0
520 0
521 0
522 0
523 0
524 0
525 0
526 0
527 0
528 0
529 0
530 0
531 0
532 0
533 0
534 0
535 0
536 0
537 0
538 0
539 0
540 0
541 0
542 0
543 0
544 0
545 0
546 0
547 0
548 0
549 0
550 0
551 0
552 0
553 0
554 0
555 0
556 0
557 0
558 0
559 0
560 0
561 0
562 0
563 0
564 0
565 0
566 0
567 0
568 0
569 0
570 0
571 0
572 0
573 0
574 0
575 0
576 0
577 0
578 0
579 0
580 0
581 0
582 0
583 0
584 0
585 0
586 0
587 0
588 0
589 0
590 0
591 0
592 0
593 0
594 0
595 0
596 0
597 0
598 0
599 0
600 0
601 0
602 0
603 0
604 0
605 0
606 0
607 0
608 0
609 0
610 0
611 0
612 0
613 0
614 0
615 0
616 0
617 0
618 0
619 0
620 0
621 0
622 0
623 0
624 0
625 0
626 0
627 0
628 0
629 0
630 0
631 0
632 0
633 0
634 0
635 0
636 0
637 0
638 0
639 0
640 0
641 0
642 0
643 0
644 0
645 0
646 0
647 0
648 0
649 0
650 0
651 0
652 0
653 0
654 0
655 0
656 0
657 0
658 0
659 0
660 0
661 0
662 0
663 0
664 0
665 0
666 0
667 0
668 0
669 4
670 4
671 4
672 4
673 4
674 4
675 4
676 4
677 4
678 4
679 4
680 4
681 4
682 4
683 4
684 4
685 4
686 4
687 4
688 4
689 4
690 4
691 4
692 4
693 4
694 4
695 4
696 4
697 4
698 4
699 4
700 4
701 4
702 4
703 4
704 4
705 4
706 4
707 4
708 4
709 4
710 4
711 4
712 4
713 4
714 4
715 4
716 4
717 4
718 4
719 4
720 4
721 4
722 4
723 4
724 4
725 4
726 4
727 4
728 4
729 4
730 4
731 4
732 4
733 4
734 4
735 4
736 4
737 4
738 4
739 4
740 4
741 4
742 4
743 4
744 4
745 4
746 4
747 4
748 4
749 4
750 4
751 4
752 4
753 4
754 4
755 4
756 4
757 4
758 4
759 4
760 4
761 4
762 4
763 4
764 4
765 4
766 4
767 4
768 4
769 4
770 4
771 4
772 4
773 4
774 4
775 4
776 4
777 4
778 0
779 0
780 0
781 0
782 0
783 0
784 0
785 0
786 0
787 0
788 0
789 0
790 0
791 0
792 0
793 0
794 0
795 0
796 0
797 0
798 0
799 0
800 0
801 0
802 0
803 0
804 0
805 0
806 0
807 0
808 0
809 0
810 0
811 0
812 0
813 0
814 0
815 0
816 0
817 0
818 42
819 42
820 42
821 42
822 42
823 42
824 42
825 42
826 42
827 42
828 42
829 42
830 42
831 42
832 42
833 42
834 42
835 42
836 42
837 42
838 42
839 42
840 42
841 42
842 42
843 42
844 42
845 42
846 42
847 42
848 42
849 42
850 42
851 42
852 42
853 35
854 35
855 35
856 35
857 0
858 0
859 0
860 0
861 0
862 0
863 0
864 0
865 0
866 0
867 0
868 0
869 0
870 0
871 0
872 0
873 32
874 32
875 32
876 32
877 32
878 32
879 32
880 32
881 32
882 32
883 32
884 32
885 32
886 32
887 32
888 32
889 32
890 32
891 32
892 32
893 32
894 32
895 32
896 32
897 32
898 32
899 32
900 32
901 32
902 32
903 32
904 32
905 32
906 32
907 32
908 32
909 32
910 32
911 32
912 32
913 32
914 32
915 32
916 32
917 32
918 32
919 0
920 0
921 0
922 0
923 0
924 0
925 0
926 0
927 0
928 0
929 0
930 0
931 0
932 0
933 0
934 0
935 0
936 0
937 0
938 0
939 0
940 0
941 0
942 0
943 0
944 0
945 0
946 0
947 0
948 0
949 0
950 0
951 0
952 0
953 0
954 0
955 0
956 0
957 0
958 0
959 0
960 0
961 0
962 0
963 0
964 0
965 0
966 0
967 0
968 0
969 0
970 0
971 0
972 0
973 0
974 0
975 0
976 0
977 0
978 0
979 0
980 0
981 0
982 0
983 0
984 0
985 0
986 0
987 0
988 0
989 0
990 0
991 0
992 0
993 0
994 0
995 0
996 0
997 0
998 0
999 0
1000 0
1001 0
1002 0
1003 0
1004 0
1005 0
1006 0
1007 0
1008 0
1009 0
1010 0
1011 0
1012 0
1013 0
1014 0
1015 0
1016 0
1017 0
1018 0
1019 0
1020 0
1021 0
1022 0
1023 0
1024 0
1025 0
1026 0
1027 0
1028 0
1029 0
1030 0
1031 0
1032 0
1033 0
1034 0
1035 0
1036 0
1037 0
1038 0
1039 0
1040 0
1041 0
1042 0
1043 0
1044 0
1045 0
1046 0
1047 0
1048 0
1049 0
1050 0
1051 0
1052 0
1053 0
1054 0
1055 0
1056 0
1057 0
1058 0
1059 0
1060 0
1061 0
1062 0
1063 0
1064 0
1065 0
1066 0
1067 0
1068 0
1069 0
1070 0
1071 0
1072 0
1073 0
1074 0
1075 0
1076 0
1077 0
1078 0
1079 0
1080 0
1081 31
1082 31
1083 31
1084 31
1085 31
1086 31
1087 31
1088 31
1089 31
1090 31
1091 31
1092 31
1093 31
1094 31
1095 31
1096 31
1097 31
1098 31
1099 31
1100 31
1101 31
1102 31
1103 31
1104 31
1105 31
1106 31
1107 31
1108 31
1109 31
1110 31
1111 31
1112 31
1113 31
1114 31
1115 31
1116 31
1117 31
1118 31
1119 0
1120 0
1121 34
1122 34
1123 34
1124 34
1125 34
1126 34
1127 34
1128 34
1129 34
1130 34
1131 34
1132 34
1133 34
1134 34
1135 34
1136 34
1137 34
1138 34
1139 34
1140 34
1141 34
1142 34
1143 34
1144 34
1145 34
1146 34
1147 34
1148 34
1149 34
1150 34
1151 34
1152 34
1153 34
1154 34
1155 34
1156 34
1157 34
1158 34
1159 34
1160 34
1161 34
1162 34
1163 34
1164 34
1165 34
1166 34
1167 34
1168 34
1169 34
1170 34
1171 34
1172 34
1173 34
1174 34
1175 34
1176 34
1177 34
1178 34
1179 34
1180 34
1181 34
1182 34
1183 34
1184 34
1185 34
1186 34
1187 34
1188 34
1189 34
1190 34
1191 34
1192 34
1193 34
1194 34
1195 34
1196 34
1197 34
1198 34
1199 34
1200 34
1201 37
1202 37
1203 0
1204 0
1205 0
1206 0
1207 0
1208 0
1209 0
1210 0
1211 0
1212 0
1213 0
1214 0
1215 30
1216 30
1217 30
1218 30
1219 30
1220 30
1221 30
1222 30
1223 30
1224 30
1225 30
1226 30
1227 30
1228 30
1229 30
1230 30
1231 30
1232 30
1233 30
1234 30
1235 30
1236 30
1237 30
1238 30
1239 30
1240 30
1241 30
1242 30
1243 30
1244 30
1245 30
1246 30
1247 30
1248 30
1249 30
1250 30
1251 30
1252 30
1253 30
1254 30
1255 30
1256 30
1257 30
1258 30
1259 30
1260 30
1261 30
1262 30
1263 30
1264 30
1265 30
1266 30
1267 30
1268 30
1269 30
1270 30
1271 30
1272 30
1273 30
1274 30
1275 30
1276 30
1277 30
1278 30
1279 30
1280 30
1281 30
1282 30
1283 30
1284 30
1285 30
1286 30
1287 30
1288 30
1289 30
1290 30
1291 30
1292 30
1293 30
1294 30
1295 30
1296 30
1297 30
1298 30
1299 30
1300 30
1301 30
1302 30
1303 30
1304 30
1305 30
1306 30
1307 30
1308 30
1309 30
1310 30
1311 30
1312 30
1313 30
1314 30
1315 30
1316 30
1317 30
1318 30
1319 30
1320 30
1321 30
1322 30
1323 30
1324 30
1325 30
1326 30
1327 30
1328 30
1329 30
1330 30
1331 30
1332 30
1333 30
1334 30
1335 30
1336 30
1337 30
1338 30
1339 30
1340 30
1341 30
1342 30
1343 30
1344 30
1345 30
1346 30
1347 30
1348 30
1349 30
1350 30
1351 30
1352 30
1353 30
1354 30
1355 30
1356 30
1357 30
1358 30
1359 30
1360 30
1361 30
1362 30
1363 30
1364 37
1365 37
1366 37
1367 37
1368 38
1369 38
1370 38
1371 38
1372 38
1373 38
1374 38
1375 38
1376 38
1377 38
1378 38
1379 38
1380 38
1381 38
1382 38
1383 38
1384 38
1385 38
1386 38
1387 38
1388 38
1389 38
1390 38
1391 38
1392 38
1393 38
1394 38
1395 38
1396 38
1397 38
1398 38
1399 38
1400 38
1401 38
1402 38
1403 38
1404 38
1405 38
1406 0
1407 0
1408 0
1409 0
1410 0
1411 0
1412 0
1413 0
1414 0
1415 0
1416 0
1417 0
1418 0
1419 0
1420 36
1421 36
1422 36
1423 36
1424 33
1425 33
1426 33
1427 33
1428 33
1429 33
1430 33
1431 33
1432 33
1433 33
1434 33
1435 33
1436 33
1437 33
1438 33
1439 33
1440 33
1441 33
1442 33
1443 33
1444 33
1445 33
1446 33
1447 33
1448 33
1449 33
1450 33
1451 33
1452 33
1453 33
1454 33
1455 33
1456 33
1457 33
1458 33
1459 33
1460 33
1461 33
1462 33
1463 33
1464 33
1465 33
1466 33
1467 33
1468 33
1469 33
1470 33
1471 33
1472 33
1473 33
1474 33
1475 33
1476 33
1477 33
1478 33
1479 33
1480 33
1481 33
1482 33
1483 33
1484 33
1485 33
1486 33
1487 33
1488 33
1489 33
1490 33
1491 33
1492 33
1493 33
1494 33
1495 33
1496 33
1497 33
1498 33
1499 33
1500 33
1501 33
1502 33
1503 33
1504 33
1505 33
1506 33
1507 33
1508 33
1509 33
1510 33
1511 33
1512 33
1513 33
1514 33
1515 33
1516 33
1517 33
1518 33
1519 33
1520 33
1521 33
1522 33
1523 33
1524 33
1525 33
1526 33
1527 33
1528 33
1529 33
1530 33
1531 33
1532 33
1533 33
1534 33
1535 33
1536 33
1537 33
1538 33
1539 33
1540 33
1541 33
1542 33
1543 33
1544 33
1545 33
1546 33
1547 33
1548 33
1549 33
1550 33
1551 3
1552 3
1553 3
1554 3
1555 3
1556 3
1557 3
1558 3
1559 3
1560 3
1561 3
1562 3
1563 3
1564 3
1565 3
1566 3
1567 3
1568 3
1569 3
1570 3
1571 3
1572 3
1573 3
1574 3
1575 3
1576 3
1577 3
1578 3
1579 3
1580 3
1581 3
1582 3
1583 3
1584 3
1585 3
1586 3
1587 3
1588 3
1589 3
1590 3
1591 3
1592 3
1593 3
1594 3
1595 3
1596 3
1597 3
1598 3
1599 3
1600 3
1601 3
1602 3
1603 3
1604 3
1605 3
1606 3
1607 3
1608 3
1609 3
1610 3
1611 3
1612 3
1613 3
1614 3
1615 3
1616 3
1617 3
1618 3
1619 3
1620 3
1621 3
1622 3
1623 3
1624 3
1625 3
1626 3
1627 3
1628 3
1629 3
1630 11
1631 11
1632 11
1633 11
1634 11
1635 11
1636 11
1637 11
1638 11
1639 11
1640 11
1641 11
1642 11
1643 11
1644 11
1645 11
1646 11
1647 11
1648 11
1649 11
1650 11
1651 11
1652 11
1653 11
1654 11
1655 11
1656 11
1657 11
1658 11
1659 11
1660 11
1661 11
1662 11
1663 11
1664 11
1665 11
1666 11
1667 11
1668 11
1669 11
1670 11
1671 11
1672 11
1673 11
1674 11
1675 11
1676 11
1677 11
1678 11
1679 11
1680 11
1681 11
1682 11
1683 11
1684 11
1685 11
1686 11
1687 11
1688 11
1689 11
1690 11
1691 11
1692 11
1693 11
1694 11
1695 11
1696 11
1697 11
1698 11
1699 11
1700 11
1701 11
1702 11
1703 11
1704 1
1705 1
1706 1
1707 1
1708 1
1709 1
1710 1
1711 1
1712 1
1713 1
1714 1
1715 1
1716 1
1717 1
1718 1
1719 1
1720 1
1721 1
1722 1
1723 1
1724 1
1725 1
1726 1
1727 1
1728 1
1729 1
1730 1
1731 1
1732 1
1733 1
1734 1
1735 1
1736 1
1737 1
1738 1
1739 1
1740 1
1741 1
1742 1
1743 1
1744 1
1745 1
1746 1
1747 1
1748 1
1749 1
1750 1
1751 1
1752 1
1753 1
1754 1
1755 1
1756 1
1757 1
1758 1
1759 1
1760 1
1761 1
1762 1
1763 1
1764 1
1765 1
1766 1
1767 1
1768 1
1769 1
1770 1
1771 1
1772 1
1773 1
1774 1
1775 1
1776 1
1777 1
1778 3
1779 3
1780 2
1781 2
1782 2
1783 2
1784 2
1785 2
1786 2
1787 2
1788 2
1789 2
1790 2
1791 2
1792 2
1793 2
1794 2
1795 2
1796 2
1797 2
1798 2
1799 2
1800 2
1801 2
1802 2
1803 2
1804 2
1805 2
1806 2
1807 2
1808 2
1809 2
1810 2
1811 2
1812 2
1813 2
1814 2
1815 2
1816 2
1817 2
1818 2
1819 2
1820 2
1821 2
1822 2
1823 2
1824 2
1825 2
1826 2
1827 2
1828 2
1829 2
1830 2
1831 2
1832 2
1833 2
1834 2
1835 2
1836 2
1837 2
1838 2
1839 2
1840 2
1841 2
1842 2
1843 2
1844 3
1845 3
1846 3
1847 3
1848 3
1849 3
1850 3
1851 3
1852 3
1853 3
1854 3
1855 3
1856 0
1857 0
1858 0
1859 0
1860 0
1861 0
1862 0
1863 0
1864 0
1865 0
1866 0
1867 0
1868 0
1869 0
1870 0
1871 0
1872 0
1873 0
1874 0
1875 0
1876 0
1877 0
1878 0
1879 0
1880 0
1881 0
1882 0
1883 0
1884 0
1885 0
1886 0
1887 0
1888 0
1889 0
1890 0
1891 0
1892 0
1893 0
1894 0
1895 0
1896 0
1897 0
1898 0
1899 0
1900 0
1901 0
1902 0
1903 0
1904 0
1905 0
1906 0
1907 0
1908 0
1909 0
1910 0
1911 0
1912 0
1913 0
1914 0
1915 0
1916 0
1917 0
1918 0
1919 0
1920 0
1921 0
1922 0
1923 0
1924 0
1925 0
1926 0
1927 0
1928 0
1929 0
1930 41
1931 41
1932 41
1933 41
1934 41
1935 41
1936 41
1937 41
1938 41
1939 41
1940 41
1941 41
1942 41
1943 41
1944 41
1945 41
1946 41
1947 41
1948 41
1949 41
1950 41
1951 41
1952 41
1953 41
1954 41
1955 41
1956 41
1957 41
1958 41
1959 41
1960 41
1961 41
1962 41
1963 41
1964 41
1965 41
1966 41
1967 41
1968 41
1969 41
1970 41
1971 41
1972 41
1973 41
1974 41
1975 41
1976 41
1977 41
1978 41
1979 41
1980 41
1981 41
1982 41
1983 41
1984 41
1985 41
1986 41
1987 41
1988 41
1989 41
1990 41
1991 41
1992 41
1993 41
1994 41
1995 41
1996 41
1997 41
1998 41
1999 41
2000 41
2001 41
2002 41
2003 41
2004 41
2005 41
2006 35
2007 35
2008 35
2009 35
2010 35
2011 0
2012 0
2013 0
2014 0
2015 0
2016 0
2017 35
2018 35
2019 35
2020 35
2021 0
2022 0
2023 0
2024 0
2025 0
2026 0
2027 0
2028 0
2029 0
2030 0
2031 0
2032 0
2033 0
2034 0
2035 0
2036 0
2037 0
2038 0
2039 0
2040 0
2041 0
2042 0
2043 0
2044 0
2045 0
2046 0
2047 0
2048 0
2049 0
2050 0
2051 0
2052 0
2053 0
2054 0
2055 0
2056 0
2057 0
2058 0
2059 0
2060 0
2061 0
2062 0
2063 0
2064 0
2065 0
2066 0
2067 0
2068 0
2069 0
2070 0
2071 0
2072 0
2073 0
2074 0
2075 0
2076 0
2077 0
2078 0
2079 0
2080 0
2081 0
2082 0
2083 0
2084 0
2085 0
2086 40
2087 40
2088 40
2089 40
2090 40
2091 40
2092 40
2093 40
2094 40
2095 0
2096 40
2097 40
2098 40
2099 0
2100 0
2101 0
2102 0
2103 0
2104 0
2105 0
2106 0
2107 0
2108 0
2109 0
2110 0
2111 0
2112 0
2113 0
2114 0
2115 0
2116 0
2117 0
2118 0
2119 0
2120 0
2121 0
2122 39
2123 39
2124 39
2125 39
2126 0
2127 0
2128 0
2129 0
2130 40
2131 40
2132 40
2133 40
2134 40
2135 40
2136 39
2137 39
2138 39
2139 0
2140 0
2141 0
2142 0
2143 0
2144 0
2145 0
2146 0
2147 0
2148 0
2149 0
2150 0
2151 0
2152 0
2153 0
2154 0
2155 0
2156 0
2157 0
2158 0
2159 0
2160 0
2161 0
2162 0
2163 0
2164 0
2165 0
2166 0
2167 0
2168 0
2169 0
2170 39
2171 39
2172 39
2173 39
2174 0
2175 0
2176 0
2177 0
2178 0
2179 0
2180 0
2181 0
2182 0
2183 0
2184 0
2185 0
2186 0
2187 0
2188 0
2189 0
2190 0
2191 0
2192 0
2193 0
2194 0
2195 0
2196 0
2197 0
2198 0
2199 0
2200 0
2201 0
2202 0
2203 0
2204 0
2205 0
2206 0
2207 0
2208 0
2209 0
2210 37
2211 37
2212 37
2213 37
2214 37
2215 37
2216 0
2217 0
2218 0
2219 0
2220 37
2221 37
2222 37
2223 37
2224 37
2225 37
2226 37
2227 37
2228 37
2229 37
2230 37
2231 37
2232 37
2233 37
2234 37
2235 36
2236 36
2237 36
2238 36
2239 36
2240 36
2241 36
2242 36
2243 36
2244 0
2245 0
2246 0
2247 0
2248 0
2249 0
2250 36
2251 36
2252 36
2253 36
2254 0
2255 0
2256 0
2257 0
2258 0
2259 0
2260 0
2261 0
2262 0
2263 0
2264 0
2265 0
2266 0
2267 0
2268 0
2269 0
2270 0
2271 0
2272 0
2273 0
2274 0
2275 0
2276 0
2277 0
2278 0
2279 0
2280 0
2281 35
2282 35
2283 35
2284 35
2285 5
2286 5
2287 5
2288 5
2289 5
2290 5
2291 5
2292 5
2293 5
2294 5
2295 5
2296 5
2297 5
2298 5
2299 5
2300 5
2301 5
2302 5
2303 5
2304 5
2305 5
2306 5
2307 5
2308 5
2309 5
2310 5
2311 5
2312 5
2313 5
2314 5
2315 5
2316 5
2317 5
2318 5
2319 5
2320 5
2321 5
2322 5
2323 5
2324 5
2325 5
2326 5
2327 5
2328 5
2329 5
2330 5
2331 5
2332 5
2333 5
2334 5
2335 5
2336 5
2337 5
2338 5
2339 5
2340 5
2341 5
2342 5
2343 5
2344 5
2345 5
2346 5
2347 5
2348 5
2349 5
2350 5
2351 5
2352 5
2353 5
2354 5
2355 5
2356 5
2357 5
2358 5
2359 27
2360 27
2361 27
2362 27
2363 27
2364 27
2365 27
2366 27
2367 27
2368 27
2369 27
2370 27
2371 27
2372 27
2373 27
2374 27
2375 27
2376 27
2377 27
2378 27
2379 27
2380 27
2381 27
2382 27
2383 27
2384 27
2385 27
2386 27
2387 27
2388 27
2389 27
2390 27
2391 27
2392 27
2393 27
2394 10
2395 10
2396 10
2397 10
2398 10
2399 10
2400 10
2401 10
2402 10
2403 10
2404 10
2405 10
2406 10
2407 10
2408 10
2409 10
2410 10
2411 10
2412 10
2413 10
2414 10
2415 10
2416 10
2417 10
2418 10
2419 10
2420 10
2421 10
2422 10
2423 10
2424 10
2425 10
2426 10
2427 10
2428 10
2429 10
2430 10
2431 10
2432 10
2433 10
2434 10
2435 10
2436 10
2437 10
2438 10
2439 10
2440 10
2441 10
2442 10
2443 10
2444 10
2445 10
2446 10
2447 10
2448 10
2449 10
2450 10
2451 10
2452 10
2453 10
2454 10
2455 10
2456 10
2457 10
2458 10
2459 10
2460 10
2461 10
2462 10
2463 10
2464 10
2465 10
2466 10
2467 10
2468 13
2469 13
2470 13
2471 13
2472 13
2473 13
2474 13
2475 13
2476 13
2477 13
2478 13
2479 13
2480 13
2481 13
2482 13
2483 13
2484 13
2485 13
2486 13
2487 13
2488 13
2489 13
2490 13
2491 13
2492 13
2493 13
2494 13
2495 13
2496 13
2497 13
2498 13
2499 13
2500 13
2501 13
2502 13
2503 13
2504 13
2505 13
2506 9
2507 9
2508 9
2509 9
2510 9
2511 9
2512 9
2513 9
2514 9
2515 9
2516 9
2517 9
2518 9
2519 9
2520 9
2521 9
2522 9
2523 9
2524 9
2525 9
2526 9
2527 9
2528 9
2529 9
2530 9
2531 9
2532 9
2533 9
2534 9
2535 9
2536 9
2537 9
2538 9
2539 9
2540 9
2541 29
2542 29
2543 29
2544 29
2545 29
2546 29
2547 29
2548 29
2549 29
2550 29
2551 29
2552 29
2553 29
2554 29
2555 29
2556 29
2557 29
2558 29
2559 29
2560 29
2561 29
2562 29
2563 29
2564 29
2565 29
2566 29
2567 29
2568 29
2569 29
2570 29
2571 29
2572 29
2573 29
2574 29
2575 29
2576 29
2577 29
2578 29
2579 29
2580 29
2581 29
2582 29
2583 29
2584 29
2585 29
2586 29
2587 29
2588 29
2589 29
2590 29
2591 29
2592 29
2593 29
2594 29
2595 29
2596 29
2597 29
2598 29
2599 29
2600 29
2601 29
2602 29
2603 29
2604 29
2605 29
2606 29
2607 29
2608 29
2609 29
2610 29
2611 29
2612 29
2613 29
2614 29
2615 26
2616 26
2617 26
2618 26
2619 26
2620 26
2621 26
2622 26
2623 26
2624 26
2625 26
2626 26
2627 26
2628 26
2629 26
2630 26
2631 26
2632 26
2633 26
2634 26
2635 26
2636 26
2637 26
2638 26
2639 26
2640 26
2641 26
2642 26
2643 26
2644 26
2645 26
2646 26
2647 26
2648 26
2649 26
2650 26
2651 26
2652 26
2653 26
2654 26
2655 26
2656 26
2657 26
2658 26
2659 26
2660 26
2661 26
2662 26
2663 26
2664 26
2665 26
2666 26
2667 26
2668 26
2669 26
2670 26
2671 26
2672 26
2673 26
2674 26
2675 26
2676 26
2677 26
2678 26
2679 26
2680 26
2681 26
2682 26
2683 26
2684 26
2685 26
2686 26
2687 26
2688 26
2689 26
2690 26
2691 26
2692 26
2693 26
2694 26
2695 26
2696 26
2697 26
2698 26
2699 26
2700 26
2701 26
2702 26
2703 26
2704 26
2705 26
2706 26
2707 26
2708 26
2709 26
2710 26
2711 26
2712 26
2713 26
2714 26
2715 26
2716 26
2717 26
2718 26
2719 26
2720 26
2721 26
2722 26
2723 26
2724 26
2725 26
2726 26
2727 26
2728 26
2729 26
2730 26
2731 26
2732 26
2733 26
2734 26
2735 26
2736 26
2737 26
2738 26
2739 26
2740 26
2741 26
2742 26
2743 26
2744 26
2745 26
2746 26
2747 26
2748 26
2749 26
2750 26
2751 26
2752 26
2753 26
2754 26
2755 26
2756 26
2757 26
2758 26
2759 26
2760 26
2761 26
2762 26
2763 26
2764 26
2765 26
2766 26
2767 26
2768 26
2769 26
2770 26
2771 26
2772 26
2773 26
2774 26
2775 26
2776 26
2777 26
2778 26
2779 26
2780 26
2781 26
2782 26
2783 26
2784 26
2785 26
2786 26
2787 26
2788 26
2789 26
2790 26
2791 26
2792 26
2793 26
2794 26
2795 26
2796 26
2797 26
2798 26
2799 26
2800 26
2801 26
2802 26
2803 26
2804 26
2805 26
2806 26
2807 26
2808 26
2809 26
2810 26
2811 26
2812 26
2813 26
2814 26
2815 26
2816 26
2817 26
2818 26
2819 26
2820 26
2821 26
2822 26
2823 26
2824 26
2825 26
2826 26
2827 26
2828 26
2829 26
2830 26
2831 26
2832 26
2833 26
2834 26
2835 26
2836 26
2837 26
2838 26
2839 26
2840 26
2841 26
2842 26
2843 26
2844 26
2845 26
2846 26
2847 26
2848 26
2849 26
2850 26
2851 26
2852 26
2853 26
2854 26
2855 26
2856 26
2857 26
2858 26
2859 26
2860 26
2861 26
2862 26
2863 26
2864 26
2865 26
2866 26
2867 26
2868 26
2869 26
2870 26
2871 26
2872 26
2873 26
2874 26
2875 26
2876 26
2877 26
2878 26
2879 26
2880 26
2881 26
2882 26
2883 26
2884 26
2885 26
2886 26
2887 26
2888 26
2889 26
2890 26
2891 26
2892 26
2893 26
2894 26
2895 26
2896 26
2897 26
2898 26
2899 26
2900 26
2901 26
2902 26
2903 26
2904 26
2905 7
2906 7
2907 7
2908 7
2909 7
2910 7
2911 7
2912 7
2913 7
2914 7
2915 7
2916 7
2917 7
2918 7
2919 7
2920 7
2921 7
2922 7
2923 7
2924 7
2925 7
2926 7
2927 7
2928 7
2929 7
2930 7
2931 7
2932 7
2933 7
2934 7
2935 7
2936 7
2937 7
2938 7
2939 7
2940 7
2941 7
2942 7
2943 7
2944 7
2945 7
2946 7
2947 7
2948 7
2949 7
2950 7
2951 7
2952 7
2953 7
2954 7
2955 7
2956 7
2957 7
2958 7
2959 7
2960 7
2961 7
2962 7
2963 7
2964 7
2965 7
2966 7
2967 7
2968 7
2969 7
2970 7
2971 7
2972 7
2973 7
2974 7
2975 7
2976 7
2977 7
2978 7
2979 7
2980 7
2981 7
2982 7
2983 28
2984 28
2985 28
2986 28
2987 28
2988 28
2989 28
2990 28
2991 28
2992 28
2993 28
2994 28
2995 28
2996 28
2997 28
2998 28
2999 28
3000 28
3001 28
3002 28
3003 28
3004 28
3005 28
3006 28
3007 28
3008 28
3009 28
3010 28
3011 28
3012 28
3013 28
3014 28
3015 28
3016 28
3017 28
3018 28
3019 28
3020 28
3021 28
3022 28
3023 28
3024 28
3025 28
3026 28
3027 28
3028 28
3029 28
3030 28
3031 28
3032 28
3033 28
3034 28
3035 28
3036 28
3037 28
3038 28
3039 28
3040 28
3041 28
3042 28
3043 28
3044 28
3045 28
3046 28
3047 28
3048 28
3049 28
3050 28
3051 28
3052 28
3053 28
3054 28
3055 28
3056 28
3057 28
3058 28
3059 12
3060 12
3061 12
3062 12
3063 12
3064 12
3065 12
3066 12
3067 12
3068 12
3069 12
3070 12
3071 12
3072 12
3073 12
3074 12
3075 12
3076 12
3077 12
3078 12
3079 12
3080 12
3081 12
3082 12
3083 12
3084 12
3085 12
3086 12
3087 12
3088 12
3089 12
3090 12
3091 12
3092 12
3093 12
3094 12
3095 12
3096 12
3097 12
3098 12
3099 12
3100 12
3101 12
3102 12
3103 12
3104 12
3105 12
3106 12
3107 12
3108 12
3109 12
3110 12
3111 12
3112 12
3113 12
3114 12
3115 12
3116 12
3117 12
3118 12
3119 12
3120 12
3121 12
3122 12
3123 12
3124 12
3125 12
3126 12
3127 12
3128 12
3129 12
3130 12
3131 12
3132 12
3133 12
3134 12
3135 12
3136 12
3137 14
3138 14
3139 14
3140 17
3141 17
3142 17
3143 17
3144 17
3145 17
3146 17
3147 17
3148 17
3149 17
3150 17
3151 17
3152 17
3153 17
3154 17
3155 17
3156 17
3157 17
3158 17
3159 17
3160 17
3161 17
3162 17
3163 17
3164 17
3165 17
3166 17
3167 17
3168 17
3169 17
3170 17
3171 17
3172 17
3173 17
3174 17
3175 17
3176 17
3177 17
3178 17
3179 15
3180 15
3181 15
3182 16
3183 16
3184 16
3185 16
3186 16
3187 16
3188 16
3189 16
3190 16
3191 16
3192 16
3193 16
3194 16
3195 16
3196 16
3197 16
3198 16
3199 16
3200 16
3201 16
3202 16
3203 16
3204 16
3205 16
3206 16
3207 16
3208 16
3209 16
3210 16
3211 16
3212 16
3213 16
3214 16
3215 16
3216 16
3217 16
3218 16
3219 16
3220 16
3221 8
3222 8
3223 8
3224 8
3225 8
3226 8
3227 8
3228 8
3229 8
3230 8
3231 8
3232 8
3233 8
3234 8
3235 8
3236 8
3237 8
3238 8
3239 8
3240 8
3241 8
3242 8
3243 8
3244 8
3245 8
3246 8
3247 8
3248 8
3249 8
3250 8
3251 8
3252 8
3253 8
3254 8
3255 8
3256 8
3257 8
3258 8
3259 8
3260 8
3261 8
3262 8
3263 8
3264 8
3265 8
3266 8
3267 8
3268 8
3269 8
3270 8
3271 8
3272 8
3273 8
3274 8
3275 8
3276 8
3277 8
3278 8
3279 8
3280 8
3281 8
3282 8
3283 8
3284 8
3285 8
3286 8
3287 8
3288 8
3289 8
3290 8
3291 8
3292 8
3293 8
3294 8
3295 8
3296 8
3297 23
3298 23
3299 23
3300 23
3301 23
3302 22
3303 22
3304 22
3305 22
3306 21
3307 21
3308 21
3309 21
3310 21
3311 20
3312 20
3313 20
3314 20
3315 20
3316 20
3317 20
3318 20
3319 20
3320 20
3321 20
3322 20
3323 20
3324 20
3325 20
3326 20
3327 20
3328 20
3329 20
3330 20
3331 20
3332 20
3333 20
3334 20
3335 20
3336 20
3337 20
3338 20
3339 20
3340 20
3341 20
3342 20
3343 20
3344 20
3345 20
3346 20
3347 20
3348 20
3349 20
3350 20
3351 20
3352 20
3353 20
3354 20
3355 20
3356 20
3357 20
3358 20
3359 19
3360 19
3361 19
3362 19
3363 19
3364 19
3365 19
3366 18
3367 18
3368 18
3369 18
3370 25
3371 25
3372 25
3373 25
3374 25
3375 25
3376 25
3377 24
3378 24
3379 24
3380 24
3381 24
3382 24
3383 24
3384 24
3385 24
3386 6
3387 6
3388 6
3389 6
3390 6
3391 6
3392 6
3393 6
3394 6
3395 6
3396 6
3397 6
3398 6
3399 6
3400 6
3401 6
3402 6
3403 6
3404 6
3405 6
3406 6
3407 6
3408 6
3409 6
3410 6
3411 6
3412 6
3413 6
3414 6
3415 6
3416 6
3417 6
3418 6
3419 6
3420 6
3421 6
3422 6
3423 6
3424 6
3425 6
3426 6
3427 6
3428 6
3429 6
3430 6
3431 6
3432 6
3433 6
3434 6
3435 6
3436 6
3437 6
3438 6
3439 6
3440 6
3441 6
3442 6
3443 6
3444 6
3445 6
3446 6
3447 6
3448 6
3449 6
3450 6
3451 6
3452 6
3453 6
3454 6
3455 6
3456 6
3457 6
3458 6
3459 6
3460 6
3461 6
3462 6
3463 6
3464 6
3465 6
3466 6
3467 6
3468 6
3469 6
3470 6
3471 6
3472 6
3473 6
3474 6
3475 6
3476 6
3477 6
3478 6
3479 6
3480 6
3481 6
3482 6
3483 6
3484 6
3485 6
3486 6
3487 6
3488 6
3489 6
3490 6
3491 6
3492 6
3493 6
3494 6
3495 6
3496 6
3497 6
3498 6
3499 6
3500 6
3501 6
3502 6
3503 6
3504 6
3505 6
3506 6
3507 6
3508 6
3509 6
3510 6
3511 6
3512 6
3513 6
3514 6
3515 6
3516 6
3517 6
3518 6
3519 6
3520 6
3521 6
3522 6
3523 6
3524 6
3525 6
3526 6
3527 6
3528 6
3529 6
3530 6
3531 6
3532 6
3533 6
3534 6
3535 6
3536 6
3537 6
3538 6
3539 6
3540 6
3541 6
3542 6
3543 6
3544 6
3545 6
3546 6
3547 6
3548 6
3549 6
3550 6
3551 6
3552 6
3553 6
3554 6
3555 6
3556 6
3557 6
3558 6
3559 6
3560 6
3561 6
3562 6
3563 6
3564 6
3565 6
3566 6
3567 6
3568 6
3569 6
3570 6
3571 6
3572 6
3573 6
3574 6
3575 6
3576 6
3577 6
3578 6
3579 6
3580 6
3581 6
3582 6
3583 6
3584 6
3585 6
3586 6
3587 6
3588 6
3589 6
3590 6
3591 6
3592 6
3593 6
3594 6
3595 6
3596 6
3597 6
3598 6
3599 6
3600 6
3601 6
3602 6
3603 6
3604 6
3605 6
3606 6
3607 6
3608 6
3609 6
3610 6
3611 6
3612 6
3613 6
3614 6
3615 6
3616 6
3617 6
3618 6
3619 6
3620 6
3621 6
3622 6
3623 6
3624 6
3625 6
3626 6
3627 6
3628 6
3629 6
3630 6
3631 6
3632 6
3633 6
3634 6
3635 6
3636 6
3637 6
3638 6
3639 6
3640 6
3641 6
3642 6
3643 6
3644 6
3645 6
3646 6
3647 6
3648 6
3649 6
3650 6
3651 6
3652 6
3653 6
3654 6
3655 6
3656 6
3657 6
3658 6
3659 6
**********
1 0.0262100666687 0.052259179735 0.00000600728377929 0.0000520217739528 0.0000888607438438 -0.999999994699 0.00845198583018 2
2 -0.000460439441027 0.0518707694415 0.000480150082035 -0.00235054503861 0.00923537476134 -0.999954590365 0.00845678488889 2
3 0.0186813485006 0.0522627888931 -0.0000352033799456 -0.00217928759284 0.000105404532882 -0.999997619795 0.0274117993789 2
4 0.0157390810228 0.0522767137849 -0.0354695378821 0 0 1 100 0
5 0.0200031905271 0.0522862102411 0.0182108775335 0 0 1 100 0
6 -0.0112225624183 -0.000947829439446 0.023055958008 0 0 1 100 0
7 0.0213663725934 0.0522188028533 -0.00019614628057 -0.00378929346866 -0.00220573687619 -0.999990387944 0.033581391631 2
8 0.0618183223866 0.0781806971185 9.38258740148e-7 -0.0000279513635766 0.0000341026013098 -0.999999999028 0.0076835383254 2
9 0.0619376767843 0.0788473747286 0.00575209917058 0 0 1 100 0
10 0.0128425384947 -0.0494714786723 0.0310541860929 0 0 1 100 0
11 0.0128286599731 -0.0494841843739 1.15058833673e-7 -0.0000313266187849 -0.0000104465170165 -0.999999999455 0.0239561221544 2
12 0.0128300680636 -0.049636949189 0.000272985190023 0.0000211935971248 -0.00549407566504 -0.999984907228 0.0360912974464 2
13 -0.0889696876035 0.00573440395108 0.0848884135871 0 0 1 100 0
14 -0.0582678529078 0.00454546050199 0.05303533041 0.999990105351 0.000131747770371 0.00444655396402 100 0
15 -0.124488200736 0.00454546050199 0.05303533041 -0.999990167413 0.000066632032345 0.00443403174263 100 0
16 -0.0914396691547 -0.0236162803715 0.0000752669184017 -0.00112106832353 0.00115358113772 -0.999998706227 0.0338291706706 2
17 -0.0912927103855 0.0328949471873 -0.00020988501908 0.0015520534126 -0.00207305858254 -0.999996646774 0.0339324238938 2
18 -0.12860055123 -0.000927278124862 -0.0125515381775 -1 1.22464679915e-16 6.12323399574e-17 100 0
19 -0.102680458363 -0.0777110917327 -0.010855943121 -0.707103921194 -0.707109641167 8.33387219847e-8 100 0
20 0.0130414750618 -0.094473861651 -0.0123836597707 6.12323399574e-17 -1 6.12323399574e-17 100 0
21 0.0926567394622 -0.0758639844545 -0.0101777050984 0.707106781187 -0.707106781187 9.4652234038e-14 100 0
22 0.116729714065 -0.000927278124862 -0.0125515381775 1 0 6.12323399574e-17 100 0
23 0.0993686371342 0.0778525767996 -0.0149253712565 0.70711773014 0.707095831844 -0.0000175849272778 100 0
24 0.00450034641701 0.103174659292 -0.0112327420224 6.12323399574e-17 1 6.12323399574e-17 100 0
25 -0.107474731412 0.0816178964826 -0.0142471332339 -0.707118678214 0.707094883695 -0.0000193206945901 100 0
26 0.00169425269009 0.0204305543963 -0.0481590343629 1.22464679915e-16 0 -1 100 0
27 -0.0582664999608 -0.076502656151 0.00575209917058 0 0 1 100 0
28 -0.0583877857631 -0.0771700790397 0.000012501704952 -0.000204772867492 -0.00000706841795619 -0.999999979009 0.00768533751145 2
29 0.0179065771438 -2.82464608891e-7 -0.0135516867758 0.0000122882749434 0.999999999914 -0.000004606339171 0.00452314596941 2
30 0.0056343896244 -0.0256316907092 0.0165189446694 1.22464679915e-16 0 -1 100 0
31 -0.0897065483146 0.00447229489281 0.0779668700521 1.22464679915e-16 0 -1 100 0
32 0.0710165191106 -0.0393369461636 0.018057065455 1.22464679915e-16 0 -1 100 0
33 0.082983743699 0.0167000957567 -0.00739883354586 1.22464679915e-16 0 -1 100 0
34 -0.0678007079135 0.0646848849754 -0.00739883354586 1.22464679915e-16 0 -1 100 0
35 0.106861402538 -0.0114093827832 -0.0150969772814 -0.999989321906 -0.00193100712873 -0.00419848597759 100 0
36 0.033436522668 0.0201776617039 -0.0144229184665 -0.00856586545783 -0.99993804523 -0.00710856182239 100 0
37 -0.0233943767593 0.0426355679767 -0.00672071759636 -0.622458644781 -0.782648628566 0.00252185266044 100 0
38 0.0282233971916 0.0199111215625 0.0122891125092 1.22464679915e-16 0 -1 100 0
39 -0.118502606495 0.00293532769785 0.0129929192929 0.999998065037 -0.000830862879076 -0.00178314052436 100 0
40 -0.0848334154254 -0.0592704212508 -0.00345383856811 0.501355403663 0.86523738251 -0.00265162702391 100 0
41 0.085584103622 0.0627978230958 -9.04200608651e-7 -0.0000385262051925 0.0000381068962595 -0.999999998532 0.00478557034876 2
42 0.0857181667329 0.0632181632074 -0.0212419206158 1.22464679915e-16 0 -1 100 0