0 0
1 0
2 0
3 0
4 0
5 0
6 0
7 0
8 0
9 0
10 0
11 0
12 0
13 0
14 0
15 0
16 0
17 0
18 0
19 0
20 0
21 0
22 0
23 0
24 0
25 0
26 0
27 0
28 0
29 0
30 0
31 0
32 0
33 0
34 0
35 0
36 0
37 0
38 0
39 0
40 0
41 0
42 0
43 0
44 0
45 0
46 0
47 0
48 0
49 2
50 2
51 2
52 2
53 0
54 0
55 0
56 0
57 0
58 0
59 0
60 0
61 0
62 0
63 0
64 0
65 0
66 0
67 0
68 0
69 2
70 2
71 2
72 2
73 0
74 0
75 0
76 0
77 0
78 0
79 0
80 0
81 0
82 0
83 0
84 0
85 0
86 0
87 0
88 0
89 2
90 2
91 2
92 2
93 13
94 13
95 13
96 13
97 13
98 13
99 13
100 13
101 13
102 13
103 13
104 13
105 13
106 13
107 13
108 13
109 13
110 13
111 13
112 13
113 13
114 13
115 13
116 13
117 13
118 13
119 13
120 13
121 13
122 13
123 13
124 13
125 13
126 13
127 13
128 19
129 19
130 19
131 19
132 19
133 19
134 19
135 19
136 19
137 19
138 19
139 19
140 19
141 19
142 19
143 19
144 19
145 19
146 19
147 19
148 19
149 19
150 19
151 19
152 19
153 19
154 19
155 19
156 19
157 19
158 19
159 19
160 19
161 19
162 19
163 6
164 6
165 6
166 6
167 6
168 6
169 6
170 6
171 6
172 6
173 6
174 6
175 6
176 6
177 6
178 6
179 6
180 6
181 6
182 6
183 6
184 6
185 6
186 6
187 6
188 6
189 6
190 6
191 6
192 6
193 6
194 6
195 6
196 6
197 6
198 6
199 6
200 6
201 6
202 6
203 6
204 6
205 6
206 6
207 6
208 6
209 6
210 6
211 6
212 6
213 6
214 6
215 6
216 6
217 6
218 6
219 6
220 6
221 6
222 6
223 6
224 6
225 6
226 6
227 6
228 6
229 6
230 6
231 6
232 6
233 6
234 6
235 6
236 6
237 6
238 6
239 6
240 6
241 6
242 6
243 6
244 6
245 6
246 6
247 6
248 6
249 6
250 6
251 6
252 6
253 6
254 6
255 6
256 6
257 6
258 6
259 6
260 6
261 6
262 6
263 6
264 6
265 6
266 6
267 6
268 6
269 6
270 6
271 6
272 6
273 6
274 6
275 6
276 6
277 6
278 10
279 10
280 10
281 10
282 10
283 10
284 10
285 10
286 10
287 10
288 10
289 10
290 10
291 10
292 10
293 10
294 10
295 10
296 10
297 10
298 10
299 10
300 10
301 10
302 10
303 10
304 10
305 10
306 10
307 10
308 10
309 10
310 10
311 10
312 10
313 10
314 10
315 10
316 10
317 10
318 10
319 10
320 10
321 10
322 10
323 10
324 10
325 10
326 10
327 10
328 10
329 10
330 10
331 10
332 10
333 10
334 10
335 10
336 10
337 10
338 10
339 10
340 10
341 10
342 10
343 10
344 10
345 10
346 10
347 10
348 10
349 10
350 10
351 10
352 10
353 10
354 10
355 10
356 10
357 10
358 10
359 10
360 10
361 10
362 10
363 10
364 10
365 10
366 10
367 10
368 10
369 10
370 10
371 10
372 10
373 10
374 10
375 10
376 10
377 10
378 10
379 10
380 10
381 10
382 10
383 10
384 10
385 10
386 10
387 10
388 10
389 10
390 10
391 10
392 10
393 9
394 9
395 9
396 9
397 9
398 9
399 9
400 9
401 9
402 9
403 9
404 9
405 9
406 9
407 9
408 9
409 9
410 9
411 9
412 9
413 9
414 9
415 9
416 9
417 9
418 9
419 9
420 9
421 9
422 9
423 9
424 9
425 9
426 9
427 9
428 9
429 9
430 9
431 9
432 9
433 9
434 9
435 9
436 9
437 9
438 9
439 9
440 9
441 9
442 9
443 9
444 9
445 9
446 9
447 9
448 9
449 9
450 9
451 9
452 9
453 9
454 9
455 9
456 9
457 9
458 9
459 9
460 9
461 9
462 9
463 9
464 9
465 9
466 9
467 9
468 9
469 9
470 9
471 9
472 9
473 9
474 9
475 9
476 9
477 9
478 9
479 9
480 9
481 9
482 9
483 9
484 9
485 9
486 9
487 9
488 9
489 9
490 9
491 9
492 9
493 9
494 9
495 9
496 9
497 9
498 9
499 9
500 9
501 9
502 9
503 9
504 9
505 9
506 7
507 7
508 7
509 7
510 7
511 7
512 7
513 7
514 7
515 7
516 7
517 7
518 7
519 7
520 7
521 7
522 7
523 7
524 7
525 7
526 7
527 7
528 7
529 7
530 7
531 7
532 7
533 7
534 7
535 7
536 7
537 7
538 7
539 7
540 7
541 7
542 7
543 7
544 7
545 7
546 7
547 7
548 7
549 7
550 7
551 7
552 7
553 7
554 7
555 7
556 7
557 7
558 7
559 7
560 7
561 7
562 7
563 7
564 7
565 7
566 7
567 7
568 7
569 7
570 7
571 7
572 7
573 7
574 7
575 7
576 7
577 7
578 7
579 7
580 7
581 7
582 7
583 7
584 7
585 7
586 7
587 7
588 7
589 7
590 7
591 7
592 7
593 7
594 7
595 7
596 7
597 7
598 7
599 7
600 7
601 7
602 7
603 7
604 7
605 7
606 7
607 7
608 7
609 7
610 7
611 7
612 7
613 7
614 7
615 7
616 7
617 7
618 7
619 7
620 7
621 0
622 0
623 0
624 0
625 0
626 0
627 0
628 0
629 0
630 0
631 0
632 0
633 0
634 0
635 0
636 0
637 0
638 0
639 0
640 0
641 0
642 0
643 0
644 0
645 0
646 0
647 0
648 0
649 0
650 0
651 0
652 0
653 0
654 0
655 0
656 0
657 0
658 0
659 0
660 0
661 0
662 0
663 0
664 0
665 0
666 0
667 0
668 0
669 0
670 0
671 1
672 1
673 1
674 1
675 1
676 1
677 1
678 1
679 1
680 1
681 1
682 1
683 1
684 1
685 1
686 1
687 1
688 1
689 1
690 1
691 1
692 1
693 1
694 1
695 1
696 1
697 1
698 1
699 1
700 1
701 1
702 1
703 1
704 1
705 1
706 1
707 1
708 1
709 1
710 1
711 1
712 1
713 1
714 1
715 1
716 1
717 1
718 1
719 1
720 1
721 1
722 1
723 1
724 1
725 1
726 1
727 1
728 1
729 1
730 1
731 1
732 1
733 1
734 1
735 1
736 1
737 1
738 1
739 1
740 1
741 1
742 1
743 1
744 1
745 1
746 1
747 1
748 1
749 1
750 1
751 1
752 1
753 1
754 1
755 1
756 1
757 1
758 1
759 1
760 1
761 1
762 1
763 1
764 1
765 1
766 1
767 1
768 1
769 1
770 1
771 1
772 1
773 1
774 1
775 1
776 1
777 1
778 1
779 1
780 1
781 1
782 1
783 1
784 1
785 1
786 1
787 1
788 1
789 1
790 1
791 1
792 1
793 1
794 1
795 1
796 1
797 1
798 1
799 1
800 1
801 1
802 1
803 1
804 1
805 1
806 1
807 1
808 1
809 1
810 1
811 1
812 1
813 1
814 1
815 1
816 1
817 1
818 1
819 1
820 1
821 1
822 1
823 1
824 1
825 1
826 1
827 1
828 1
829 1
830 1
831 1
832 1
833 1
834 1
835 1
836 1
837 1
838 1
839 1
840 1
841 1
842 1
843 1
844 1
845 1
846 1
847 1
848 1
849 1
850 1
851 1
852 1
853 1
854 1
855 1
856 1
857 1
858 1
859 1
860 1
861 1
862 1
863 1
864 1
865 1
866 1
867 1
868 1
869 1
870 1
871 1
872 1
873 1
874 1
875 1
876 1
877 1
878 1
879 1
880 1
881 1
882 1
883 1
884 1
885 1
886 1
887 1
888 1
889 1
890 1
891 1
892 1
893 1
894 1
895 1
896 1
897 1
898 1
899 1
900 1
901 1
902 1
903 1
904 1
905 1
906 1
907 1
908 1
909 1
910 1
911 1
912 1
913 1
914 1
915 1
916 1
917 1
918 1
919 1
920 1
921 1
922 1
923 1
924 1
925 1
926 1
927 1
928 1
929 1
930 1
931 1
932 1
933 1
934 1
935 1
936 1
937 1
938 1
939 1
940 1
941 1
942 1
943 1
944 1
945 1
946 1
947 1
948 1
949 1
950 1
951 1
952 1
953 1
954 1
955 1
956 1
957 1
958 1
959 1
960 1
961 1
962 1
963 1
964 1
965 1
966 1
967 1
968 1
969 1
970 1
971 1
972 1
973 1
974 1
975 1
976 1
977 1
978 1
979 1
980 1
981 1
982 1
983 1
984 1
985 1
986 1
987 1
988 1
989 1
990 1
991 1
992 1
993 1
994 1
995 1
996 1
997 1
998 1
999 1
1000 1
1001 1
1002 1
1003 1
1004 1
1005 1
1006 1
1007 1
1008 1
1009 1
1010 1
1011 1
1012 1
1013 1
1014 1
1015 1
1016 1
1017 1
1018 1
1019 1
1020 1
1021 1
1022 1
1023 1
1024 1
1025 1
1026 1
1027 1
1028 1
1029 1
1030 1
1031 1
1032 1
1033 1
1034 1
1035 1
1036 1
1037 1
1038 1
1039 1
1040 1
1041 1
1042 1
1043 1
1044 1
1045 1
1046 1
1047 1
1048 1
1049 1
1050 1
1051 1
1052 1
1053 1
1054 1
1055 1
1056 1
1057 1
1058 1
1059 1
1060 1
1061 1
1062 1
1063 1
1064 1
1065 1
1066 1
1067 1
1068 1
1069 1
1070 1
1071 1
1072 4
1073 4
1074 4
1075 4
1076 4
1077 4
1078 4
1079 4
1080 4
1081 4
1082 4
1083 4
1084 4
1085 4
1086 4
1087 4
1088 4
1089 4
1090 4
1091 4
1092 4
1093 4
1094 4
1095 4
1096 4
1097 4
1098 4
1099 4
1100 4
1101 4
1102 4
1103 4
1104 4
1105 4
1106 4
1107 4
1108 4
1109 4
1110 4
1111 4
1112 4
1113 4
1114 4
1115 4
1116 4
1117 4
1118 4
1119 4
1120 4
1121 4
1122 4
1123 4
1124 4
1125 4
1126 4
1127 4
1128 4
1129 4
1130 4
1131 4
1132 4
1133 4
1134 4
1135 4
1136 4
1137 4
1138 4
1139 4
1140 4
1141 4
1142 4
1143 12
1144 12
1145 12
1146 12
1147 12
1148 12
1149 12
1150 12
1151 12
1152 12
1153 12
1154 12
1155 12
1156 12
1157 12
1158 12
1159 12
1160 12
1161 12
1162 12
1163 12
1164 12
1165 12
1166 12
1167 12
1168 12
1169 12
1170 12
1171 12
1172 12
1173 12
1174 12
1175 12
1176 12
1177 12
1178 12
1179 12
1180 12
1181 12
1182 12
1183 12
1184 12
1185 12
1186 12
1187 12
1188 12
1189 12
1190 12
1191 12
1192 12
1193 12
1194 12
1195 12
1196 12
1197 12
1198 12
1199 12
1200 12
1201 12
1202 12
1203 12
1204 12
1205 12
1206 12
1207 12
1208 12
1209 12
1210 12
1211 12
1212 12
1213 12
1214 12
1215 12
1216 12
1217 12
1218 12
1219 20
1220 20
1221 20
1222 20
1223 20
1224 20
1225 20
1226 20
1227 20
1228 20
1229 20
1230 20
1231 20
1232 20
1233 20
1234 20
1235 20
1236 20
1237 20
1238 20
1239 20
1240 20
1241 20
1242 20
1243 20
1244 20
1245 20
1246 20
1247 20
1248 20
1249 20
1250 20
1251 20
1252 20
1253 20
1254 20
1255 20
1256 20
1257 20
1258 20
1259 20
1260 20
1261 20
1262 20
1263 20
1264 20
1265 20
1266 20
1267 20
1268 20
1269 20
1270 20
1271 20
1272 20
1273 20
1274 20
1275 20
1276 20
1277 20
1278 20
1279 20
1280 20
1281 20
1282 20
1283 20
1284 20
1285 20
1286 20
1287 20
1288 20
1289 20
1290 20
1291 20
1292 20
1293 20
1294 20
1295 18
1296 18
1297 18
1298 18
1299 18
1300 18
1301 18
1302 18
1303 18
1304 18
1305 18
1306 18
1307 18
1308 18
1309 18
1310 18
1311 18
1312 18
1313 18
1314 18
1315 18
1316 18
1317 18
1318 18
1319 18
1320 18
1321 18
1322 18
1323 18
1324 18
1325 18
1326 18
1327 18
1328 18
1329 18
1330 18
1331 18
1332 18
1333 18
1334 18
1335 18
1336 18
1337 18
1338 18
1339 18
1340 18
1341 18
1342 18
1343 18
1344 18
1345 18
1346 18
1347 18
1348 18
1349 18
1350 18
1351 18
1352 18
1353 18
1354 18
1355 18
1356 18
1357 18
1358 18
1359 18
1360 18
1361 18
1362 18
1363 18
1364 18
1365 18
1366 18
1367 18
1368 18
1369 18
1370 18
1371 18
1372 18
1373 18
1374 18
1375 18
1376 18
1377 18
1378 18
1379 18
1380 18
1381 18
1382 18
1383 18
1384 18
1385 18
1386 18
1387 18
1388 18
1389 18
1390 18
1391 18
1392 18
1393 18
1394 18
1395 18
1396 18
1397 18
1398 18
1399 18
1400 18
1401 18
1402 18
1403 18
1404 18
1405 18
1406 18
1407 18
1408 18
1409 18
1410 14
1411 14
1412 14
1413 14
1414 14
1415 14
1416 14
1417 14
1418 14
1419 14
1420 14
1421 14
1422 14
1423 14
1424 14
1425 14
1426 14
1427 14
1428 14
1429 14
1430 14
1431 14
1432 14
1433 14
1434 14
1435 14
1436 14
1437 14
1438 14
1439 14
1440 14
1441 14
1442 14
1443 14
1444 14
1445 14
1446 14
1447 14
1448 14
1449 14
1450 14
1451 14
1452 14
1453 14
1454 14
1455 14
1456 14
1457 14
1458 14
1459 14
1460 14
1461 14
1462 14
1463 14
1464 14
1465 14
1466 14
1467 14
1468 14
1469 14
1470 14
1471 14
1472 14
1473 14
1474 14
1475 14
1476 14
1477 14
1478 14
1479 14
1480 14
1481 14
1482 14
1483 14
1484 14
1485 14
1486 14
1487 14
1488 14
1489 14
1490 14
1491 14
1492 14
1493 14
1494 14
1495 14
1496 14
1497 14
1498 14
1499 14
1500 14
1501 14
1502 14
1503 14
1504 14
1505 14
1506 14
1507 14
1508 14
1509 14
1510 14
1511 14
1512 14
1513 14
1514 14
1515 14
1516 14
1517 14
1518 14
1519 14
1520 14
1521 14
1522 14
1523 14
1524 14
1525 15
1526 15
1527 15
1528 15
1529 15
1530 15
1531 15
1532 15
1533 15
1534 15
1535 15
1536 15
1537 15
1538 15
1539 15
1540 15
1541 15
1542 15
1543 15
1544 15
1545 15
1546 15
1547 15
1548 15
1549 15
1550 15
1551 15
1552 15
1553 15
1554 15
1555 15
1556 15
1557 15
1558 15
1559 15
1560 15
1561 15
1562 15
1563 15
1564 15
1565 15
1566 15
1567 15
1568 15
1569 15
1570 15
1571 15
1572 15
1573 15
1574 15
1575 15
1576 15
1577 15
1578 15
1579 15
1580 15
1581 15
1582 15
1583 15
1584 15
1585 15
1586 15
1587 15
1588 15
1589 15
1590 15
1591 15
1592 15
1593 15
1594 15
1595 15
1596 15
1597 15
1598 15
1599 15
1600 15
1601 15
1602 15
1603 15
1604 15
1605 15
1606 15
1607 15
1608 15
1609 15
1610 15
1611 15
1612 15
1613 15
1614 15
1615 15
1616 15
1617 15
1618 15
1619 15
1620 15
1621 15
1622 15
1623 15
1624 15
1625 15
1626 15
1627 15
1628 15
1629 15
1630 15
1631 15
1632 15
1633 15
1634 15
1635 15
1636 15
1637 15
1638 15
1639 15
1640 17
1641 17
1642 17
1643 17
1644 17
1645 17
1646 17
1647 17
1648 17
1649 17
1650 17
1651 17
1652 17
1653 17
1654 17
1655 17
1656 17
1657 17
1658 17
1659 17
1660 17
1661 17
1662 17
1663 17
1664 17
1665 17
1666 17
1667 17
1668 17
1669 17
1670 17
1671 17
1672 17
1673 17
1674 17
1675 17
1676 17
1677 17
1678 17
1679 17
1680 17
1681 17
1682 17
1683 17
1684 17
1685 17
1686 17
1687 17
1688 17
1689 17
1690 17
1691 17
1692 17
1693 17
1694 17
1695 17
1696 17
1697 17
1698 17
1699 17
1700 17
1701 17
1702 17
1703 17
1704 17
1705 17
1706 17
1707 17
1708 17
1709 17
1710 17
1711 17
1712 17
1713 17
1714 17
1715 17
1716 17
1717 17
1718 17
1719 17
1720 17
1721 17
1722 17
1723 17
1724 17
1725 17
1726 17
1727 17
1728 17
1729 17
1730 17
1731 17
1732 17
1733 17
1734 17
1735 17
1736 17
1737 17
1738 17
1739 17
1740 17
1741 17
1742 17
1743 17
1744 17
1745 17
1746 17
1747 17
1748 17
1749 17
1750 17
1751 17
1752 17
1753 17
1754 17
1755 17
1756 17
1757 16
1758 16
1759 16
1760 16
1761 16
1762 16
1763 16
1764 16
1765 16
1766 16
1767 16
1768 16
1769 16
1770 16
1771 16
1772 16
1773 16
1774 16
1775 16
1776 16
1777 16
1778 16
1779 16
1780 16
1781 16
1782 16
1783 16
1784 16
1785 16
1786 16
1787 16
1788 16
1789 16
1790 16
1791 16
1792 16
1793 16
1794 16
1795 16
1796 16
1797 16
1798 16
1799 16
1800 16
1801 16
1802 16
1803 16
1804 16
1805 16
1806 16
1807 16
1808 16
1809 16
1810 16
1811 16
1812 16
1813 16
1814 16
1815 16
1816 16
1817 16
1818 16
1819 16
1820 16
1821 16
1822 16
1823 16
1824 16
1825 16
1826 16
1827 16
1828 16
1829 16
1830 16
1831 16
1832 16
1833 16
1834 16
1835 8
1836 8
1837 8
1838 8
1839 8
1840 8
1841 8
1842 8
1843 8
1844 8
1845 8
1846 8
1847 8
1848 8
1849 8
1850 8
1851 8
1852 8
1853 8
1854 8
1855 8
1856 8
1857 8
1858 8
1859 8
1860 8
1861 8
1862 8
1863 8
1864 8
1865 8
1866 8
1867 8
1868 8
1869 8
1870 8
1871 8
1872 8
1873 8
1874 8
1875 8
1876 8
1877 8
1878 8
1879 8
1880 8
1881 8
1882 8
1883 8
1884 8
1885 8
1886 8
1887 8
1888 8
1889 8
1890 8
1891 8
1892 8
1893 8
1894 8
1895 8
1896 8
1897 8
1898 8
1899 8
1900 8
1901 8
1902 8
1903 8
1904 8
1905 8
1906 8
1907 8
1908 8
1909 8
1910 8
1911 0
1912 0
1913 0
1914 0
1915 0
1916 0
1917 0
1918 0
1919 0
1920 0
1921 0
1922 0
1923 0
1924 0
1925 0
1926 0
1927 0
1928 0
1929 0
1930 0
1931 0
1932 0
1933 0
1934 0
1935 0
1936 0
1937 0
1938 0
1939 0
1940 0
1941 0
1942 0
1943 0
1944 0
1945 0
1946 0
1947 0
1948 0
1949 0
1950 0
1951 0
1952 0
1953 0
1954 0
1955 0
1956 0
1957 0
1958 0
1959 0
1960 0
1961 0
1962 0
1963 0
1964 0
1965 0
1966 0
1967 0
1968 0
1969 0
1970 0
1971 0
1972 0
1973 0
1974 0
1975 0
1976 0
1977 0
1978 0
1979 0
1980 0
1981 0
1982 0
1983 0
1984 0
1985 0
1986 0
1987 0
1988 0
1989 0
1990 0
1991 0
1992 0
1993 0
1994 0
1995 0
1996 0
1997 0
1998 0
1999 0
2000 0
2001 0
2002 0
2003 0
2004 0
2005 0
2006 0
2007 0
2008 0
2009 0
2010 0
2011 0
2012 0
2013 0
2014 0
2015 0
2016 0
2017 0
2018 0
2019 0
2020 0
2021 0
2022 0
2023 0
2024 0
2025 0
2026 0
2027 0
2028 0
2029 0
2030 0
2031 0
2032 0
2033 0
2034 0
2035 0
2036 0
2037 0
2038 0
2039 0
2040 0
2041 0
2042 0
2043 0
2044 0
2045 0
2046 0
2047 0
2048 0
2049 0
2050 0
2051 0
2052 0
2053 0
2054 0
2055 0
2056 0
2057 0
2058 0
2059 0
2060 0
2061 0
2062 0
2063 0
2064 0
2065 0
2066 0
2067 0
2068 0
2069 0
2070 0
2071 0
2072 0
2073 0
2074 0
2075 0
2076 0
2077 0
2078 0
2079 0
2080 0
2081 0
2082 0
2083 0
2084 0
2085 0
2086 0
2087 0
2088 0
2089 0
2090 0
2091 0
2092 0
2093 0
2094 0
2095 0
2096 0
2097 0
2098 0
2099 0
2100 0
2101 0
2102 0
2103 5
2104 5
2105 5
2106 5
2107 3
2108 3
2109 3
2110 3
2111 0
2112 0
2113 0
2114 0
2115 0
2116 0
2117 0
2118 0
2119 0
2120 0
2121 0
2122 0
2123 0
2124 0
2125 5
2126 5
2127 5
2128 5
2129 0
2130 0
2131 0
2132 0
2133 0
2134 0
2135 0
2136 0
2137 0
2138 0
2139 0
2140 0
2141 0
2142 0
2143 0
2144 0
2145 0
2146 3
2147 3
2148 3
2149 3
2150 5
2151 5
2152 5
2153 5
2154 0
2155 0
2156 0
2157 0
2158 0
2159 0
2160 0
2161 0
2162 0
2163 0
2164 0
2165 0
2166 0
2167 0
2168 0
2169 0
2170 0
2171 0
2172 3
2173 3
2174 3
2175 3
2176 0
2177 0
2178 0
2179 0
2180 0
2181 0
2182 0
2183 0
2184 0
2185 0
2186 0
2187 0
2188 0
2189 11
2190 11
2191 11
2192 11
2193 11
2194 11
2195 11
2196 11
2197 11
2198 11
2199 11
2200 11
2201 11
2202 11
2203 11
2204 11
2205 11
2206 11
2207 11
2208 11
2209 11
2210 11
2211 11
2212 11
2213 11
2214 11
2215 11
2216 11
2217 11
2218 11
2219 11
2220 11
2221 11
2222 11
2223 11
2224 11
2225 11
2226 11
2227 11
2228 11
2229 11
2230 11
2231 11
2232 11
2233 11
2234 11
2235 11
2236 11
2237 11
2238 11
2239 11
2240 11
2241 11
2242 11
2243 11
2244 11
2245 11
2246 11
2247 11
2248 11
2249 11
2250 11
2251 11
2252 11
2253 11
2254 11
2255 11
2256 11
2257 11
2258 11
2259 11
2260 11
2261 11
2262 11
2263 11
2264 11
2265 11
2266 11
2267 11
2268 11
2269 11
2270 11
2271 11
2272 11
2273 11
2274 11
2275 11
2276 11
2277 11
2278 11
2279 11
2280 11
2281 11
2282 11
2283 11
2284 11
2285 11
2286 11
2287 11
2288 11
2289 11
2290 11
2291 11
2292 11
2293 11
2294 11
2295 11
2296 11
2297 11
2298 11
2299 11
2300 11
2301 11
2302 11
2303 11
2304 11
2305 11
2306 11
2307 11
2308 11
2309 11
2310 11
2311 11
2312 11
2313 11
2314 11
2315 11
2316 11
2317 11
2318 11
2319 11
2320 11
2321 11
2322 11
2323 11
2324 11
2325 11
2326 11
2327 11
2328 11
2329 11
2330 11
2331 11
2332 11
2333 11
2334 11
2335 11
2336 11
2337 11
2338 11
2339 11
2340 11
2341 11
2342 11
2343 11
2344 11
2345 11
2346 11
2347 11
2348 11
2349 11
2350 11
2351 11
2352 11
2353 11
2354 11
2355 11
2356 11
2357 11
2358 11
2359 11
2360 11
2361 11
2362 11
2363 11
2364 11
2365 11
2366 11
2367 11
2368 11
2369 11
2370 11
2371 11
2372 11
2373 11
2374 11
2375 11
2376 11
2377 11
2378 11
2379 11
2380 11
2381 11
2382 11
2383 11
2384 11
2385 11
2386 11
2387 11
2388 11
2389 11
2390 11
2391 11
2392 11
2393 11
2394 11
2395 11
2396 11
2397 11
2398 11
2399 11
2400 11
2401 11
2402 11
2403 11
2404 11
2405 11
2406 11
2407 11
2408 11
2409 11
2410 11
2411 11
2412 11
2413 11
2414 11
2415 11
2416 11
2417 11
2418 11
2419 11
2420 11
2421 11
2422 11
2423 11
2424 11
2425 11
2426 11
2427 11
2428 11
2429 11
2430 11
2431 11
2432 11
2433 11
2434 11
2435 11
2436 11
2437 11
2438 11
2439 11
2440 11
2441 11
2442 11
2443 11
2444 11
2445 11
2446 11
2447 11
2448 11
2449 11
2450 11
2451 11
2452 11
2453 11
2454 11
2455 11
2456 11
2457 11
2458 11
2459 11
2460 11
2461 11
2462 11
2463 11
2464 11
2465 11
2466 11
2467 11
2468 11
2469 11
2470 11
2471 11
2472 11
2473 11
2474 11
2475 11
2476 11
2477 11
2478 11
2479 11
2480 11
2481 11
2482 11
2483 11
2484 11
2485 11
2486 11
2487 11
2488 11
2489 11
2490 11
2491 11
2492 11
2493 11
2494 11
2495 11
2496 11
2497 11
2498 11
2499 11
2500 11
2501 11
2502 11
2503 11
2504 11
2505 11
2506 11
2507 11
2508 11
2509 11
2510 11
2511 11
2512 11
2513 11
2514 11
2515 11
2516 11
2517 11
2518 11
2519 11
2520 11
2521 11
2522 11
2523 11
2524 11
2525 11
2526 11
2527 11
2528 11
2529 11
2530 11
2531 11
2532 11
2533 11
2534 11
2535 11
2536 11
2537 11
2538 11
2539 11
2540 11
2541 11
2542 11
2543 11
2544 11
2545 11
2546 11
2547 11
2548 11
2549 11
2550 11
2551 11
2552 11
2553 11
2554 11
2555 11
2556 11
2557 11
2558 11
2559 11
2560 11
2561 11
2562 11
2563 11
2564 11
2565 11
2566 11
2567 11
2568 11
2569 11
2570 11
2571 11
2572 11
2573 11
2574 11
2575 11
2576 11
2577 11
2578 11
2579 11
2580 11
2581 11
2582 11
2583 11
2584 11
2585 11
2586 11
2587 11
2588 11
2589 11
2590 11
2591 11
2592 11
2593 11
2594 11
2595 11
2596 11
2597 11
2598 11
2599 11
2600 11
2601 11
2602 11
2603 11
2604 11
2605 11
2606 11
2607 11
2608 11
2609 11
2610 11
2611 11
2612 11
2613 11
2614 11
2615 11
2616 11
2617 11
2618 11
2619 11
2620 11
2621 11
2622 11
2623 11
2624 11
2625 11
2626 11
2627 11
2628 11
2629 11
2630 11
2631 11
2632 11
2633 11
2634 11
2635 11
2636 11
2637 11
2638 11
2639 11
2640 11
2641 11
2642 11
2643 11
2644 11
2645 11
2646 11
2647 11
2648 11
2649 11
2650 11
2651 11
2652 11
2653 11
2654 11
2655 11
2656 11
2657 11
2658 11
2659 11
2660 11
2661 11
2662 11
2663 11
2664 11
2665 11
2666 11
2667 11
2668 11
2669 11
2670 11
2671 11
2672 11
2673 11
2674 11
2675 11
2676 11
2677 11
2678 11
2679 11
2680 11
2681 11
2682 11
2683 11
2684 11
2685 11
2686 11
2687 11
2688 11
2689 11
2690 11
2691 11
2692 11
2693 11
2694 11
2695 11
2696 11
2697 11
2698 11
2699 11
2700 11
2701 11
2702 11
2703 11
2704 11
2705 11
2706 11
2707 11
2708 11
2709 11
2710 11
2711 11
2712 11
2713 11
2714 11
2715 11
2716 11
2717 11
2718 11
2719 11
2720 11
2721 11
2722 11
2723 11
2724 11
2725 11
2726 11
2727 11
2728 11
2729 11
2730 11
2731 11
2732 11
2733 11
2734 11
2735 11
2736 11
2737 11
2738 11
2739 11
2740 11
2741 11
2742 11
2743 11
2744 11
2745 11
2746 11
2747 11
2748 11
2749 11
2750 11
2751 11
2752 11
2753 11
2754 11
2755 11
2756 11
2757 11
2758 11
2759 11
2760 11
2761 11
2762 11
2763 11
2764 11
2765 11
2766 11
2767 11
2768 11
2769 11
2770 11
2771 11
2772 11
2773 11
2774 11
2775 11
2776 11
2777 11
2778 11
2779 11
2780 11
2781 11
2782 11
2783 11
**********
1 -0.00524136049853 -0.0108378238759 0.0276983802252 0 0 1 100 0
2 0.177311635308 0.0184945446899 0.0515227764069 -0.999986291899 -0.000095022690762 0.00523516798567 100 0
3 0.239184441881 0.0158610868743 0.0210916439608 -0.999995444873 0.000117195037218 -0.00301604019603 100 0
4 0.217189990984 -0.000550854068412 0.0781500427276 0 0 1 100 0
5 0.191787245735 0.00889058950491 0.0210916439608 0.999995152955 0.0000817733153192 -0.00311245544518 100 0
6 -0.0000129458867323 -0.00000326192033524 -0.999999999911 -0.165378797304 -0.248150539109 0.0394688698714 0.869100838915 3
7 -0.000568609041782 0.000301521144745 0.999999792884 -0.020789995485 0.245087693511 -0.0402642406508 0.872061346913 3
8 -0.0929920532242 0.360140333856 -0.0000250814602913 0.000277800631965 0.00000208749689866 -0.999999961411 0.0299359480005 2
9 0.208136815622 -0.15586022293 0.965601707171 0.0787381049906 0.357987470018 -0.105571929111 0.850171609897 3
10 0.000165033653451 0.00079193547249 0.999999672801 0.12613843484 -0.293464303594 -0.106024304719 0.908881942621 3
11 0.0000642578553918 0.00163379813448 -0.0299606075673 1.22464679915e-16 0 -1 100 0
12 -0.0209164350157 -0.186419311972 7.18135090369e-7 0.00000610099012739 -0.00000453679420298 -0.999999999971 0.0299363275765 2
13 -0.0227471281276 -0.187929663095 0.0180885397485 1.22464679915e-16 0 -1 100 0
14 0.159894144167 -0.350904047526 0.0000286769156202 0.00726685276984 0.00339295943202 0.999967839821 0.0410912207296 2
15 0.159700461616 0.350595166434 -0.000998987417665 -0.00306743102302 0.0042466183305 0.999986278456 0.0405135295682 2
16 0.0391492433322 -0.360597733424 -0.0000103283863446 -0.000201047111659 -0.0000504696140087 0.999999978516 0.0299369109636 2
17 -0.0211915255517 0.247253499015 -0.00140163868965 -0.0170024043431 0.00421072612303 0.999846582248 0.0415200011237 2
18 -0.165057170141 -0.247669239764 0.000271862870264 -0.000380789147643 -0.000843910914468 -0.999999571407 0.0405146027495 2
19 -0.165199068656 0.183932987026 0.0180885397485 1.22464679915e-16 0 -1 100 0
20 -0.16506336039 0.185962022848 -0.0000147694148252 -0.000025921756253 -0.000102430306174 -0.999999994418 0.0299364939118 2