0 4
1 4
2 4
3 4
4 4
5 4
6 4
7 4
8 4
9 4
10 4
11 4
12 4
13 4
14 4
15 4
16 4
17 4
18 4
19 4
20 4
21 4
22 4
23 4
24 4
25 4
26 4
27 4
28 4
29 4
30 4
31 4
32 4
33 4
34 4
35 4
36 4
37 4
38 4
39 4
40 4
41 4
42 4
43 4
44 4
45 4
46 4
47 4
48 4
49 4
50 4
51 4
52 4
53 4
54 4
55 4
56 4
57 4
58 4
59 4
60 4
61 4
62 4
63 4
64 4
65 4
66 4
67 4
68 4
69 4
70 4
71 4
72 4
73 4
74 4
75 4
76 4
77 4
78 4
79 4
80 4
81 4
82 4
83 4
84 10
85 10
86 10
87 10
88 10
89 9
90 9
91 7
92 7
93 6
94 6
95 6
96 6
97 6
98 0
99 0
100 0
101 0
102 0
103 0
104 0
105 0
106 0
107 0
108 0
109 0
110 0
111 0
112 0
113 0
114 0
115 0
116 0
117 0
118 0
119 0
120 0
121 0
122 0
123 0
124 0
125 0
126 0
127 0
128 0
129 0
130 0
131 0
132 0
133 0
134 0
135 0
136 0
137 0
138 0
139 0
140 0
141 0
142 0
143 0
144 0
145 0
146 0
147 0
148 0
149 0
150 0
151 0
152 0
153 0
154 0
155 0
156 0
157 0
158 0
159 0
160 0
161 0
162 0
163 0
164 0
165 0
166 0
167 0
168 0
169 0
170 0
171 0
172 0
173 0
174 0
175 0
176 0
177 0
178 0
179 0
180 0
181 0
182 0
183 0
184 0
185 0
186 0
187 0
188 0
189 0
190 0
191 0
192 0
193 0
194 0
195 0
196 0
197 0
198 0
199 0
200 0
201 0
202 0
203 0
204 0
205 0
206 0
207 0
208 0
209 0
210 0
211 0
212 0
213 0
214 0
215 0
216 0
217 0
218 0
219 0
220 0
221 0
222 0
223 0
224 0
225 0
226 0
227 0
228 0
229 0
230 0
231 0
232 0
233 0
234 0
235 0
236 0
237 0
238 0
239 0
240 0
241 0
242 0
243 0
244 0
245 0
246 0
247 0
248 0
249 0
250 0
251 0
252 11
253 11
254 11
255 11
256 11
257 11
258 11
259 11
260 11
261 11
262 11
263 11
264 11
265 11
266 11
267 11
268 11
269 11
270 11
271 11
272 11
273 11
274 11
275 11
276 11
277 11
278 11
279 11
280 11
281 11
282 11
283 11
284 11
285 11
286 11
287 11
288 11
289 11
290 11
291 11
292 11
293 11
294 11
295 11
296 11
297 11
298 11
299 11
300 8
301 0
302 10
303 10
304 10
305 10
306 10
307 10
308 0
309 10
310 0
311 0
312 0
313 0
314 0
315 0
316 0
317 0
318 0
319 0
320 8
321 8
322 8
323 8
324 8
325 8
326 8
327 8
328 8
329 8
330 8
331 8
332 0
333 0
334 0
335 0
336 0
337 0
338 0
339 0
340 0
341 0
342 0
343 0
344 10
345 10
346 10
347 10
348 10
349 10
350 10
351 8
352 8
353 8
354 8
355 8
356 8
357 8
358 8
359 8
360 8
361 8
362 8
363 8
364 8
365 8
366 0
367 8
368 0
369 0
370 0
371 0
372 0
373 0
374 0
375 0
376 0
377 0
378 0
379 0
380 0
381 10
382 10
383 10
384 10
385 10
386 10
387 10
388 10
389 10
390 10
391 10
392 10
393 10
394 10
395 10
396 10
397 3
398 3
399 3
400 3
401 3
402 3
403 3
404 3
405 3
406 3
407 3
408 3
409 3
410 3
411 3
412 3
413 3
414 3
415 3
416 3
417 3
418 3
419 3
420 3
421 3
422 3
423 3
424 3
425 3
426 3
427 3
428 3
429 3
430 3
431 3
432 3
433 3
434 3
435 3
436 3
437 3
438 3
439 3
440 3
441 3
442 3
443 3
444 3
445 3
446 3
447 3
448 3
449 3
450 3
451 3
452 3
453 3
454 3
455 3
456 3
457 3
458 3
459 3
460 3
461 3
462 3
463 3
464 3
465 3
466 3
467 3
468 3
469 3
470 3
471 3
472 3
473 3
474 3
475 3
476 3
477 3
478 3
479 3
480 3
481 6
482 6
483 6
484 6
485 6
486 6
487 6
488 6
489 6
490 6
491 6
492 6
493 6
494 6
495 6
496 6
497 6
498 6
499 6
500 6
501 6
502 6
503 5
504 6
505 6
506 6
507 5
508 5
509 5
510 6
511 6
512 5
513 5
514 6
515 6
516 6
517 6
518 6
519 6
520 6
521 6
522 6
523 6
524 6
525 6
526 6
527 6
528 6
529 6
530 6
531 6
532 6
533 5
534 5
535 5
536 6
537 6
538 6
539 6
540 6
541 6
542 6
543 6
544 6
545 6
546 5
547 1
548 1
549 0
550 0
551 8
552 8
553 8
554 8
555 8
556 12
557 12
558 12
559 12
560 12
561 12
562 12
563 12
564 12
565 12
566 12
567 12
568 12
569 12
570 12
571 12
572 12
573 12
574 12
575 12
576 12
577 12
578 12
579 12
580 12
581 12
582 12
583 12
584 12
585 12
586 12
587 12
588 12
589 12
590 12
591 12
592 12
593 12
594 12
595 12
596 12
597 12
598 12
599 12
600 12
601 12
602 12
603 5
604 5
605 5
606 5
607 5
608 0
609 2
**********
1 0.00532945651348 0.0170392023758 0.0137510565655 -0.0000457896646835 -0.00130187194641 0.999999151516 100 0
2 0.00528844290518 0.0173995432849 0.0112574398427 0.0000691684279983 0.000813214511608 -0.999999666949 100 0
3 0.0384293004694 -0.00145241924498 -0.0083451983039 4.61054309358e-7 0.999999546112 -0.000952772227995 100 0
4 0.0401971420572 -0.00397726088651 -0.0090220184125 -0.00000614762170059 -0.999999433438 0.00106446544235 100 0
5 0.406680243237 0.00831552622304 0.0118794253598 0.934340735479 -0.338091030712 -0.112702462157 100 0
6 0.401915616663 -0.00203461008324 0.00788492132852 0.933776733353 -0.13262900871 -0.332371115317 100 0
7 -0.023701621304977577 -0.0027215203956437277 -0.03351089115123317 0 0 -1 100 0
8 -0.401101157263 0.00833825610758 0.0125810958472 -0.513033587635 0.851335940163 0.109652427903 100 0
9 -0.4342854761997586 -0.0027215203956437277 -0.016210914767605226 -1 0 0 100 0
10 -0.422859992958 -0.0027866475409 0.00802962278325 -0.525489289086 0.119436727994 0.842375139152 100 0
11 0.00000248714726815 0.00174414292537 0.00810319099542 0.999999906581 -0.000367301889045 -0.000227875665968 0.00566558679025 2
12 -6.61334772207e-7 0.00203531465847 0.00779751132079 0.999999996352 0.0000436454696727 0.0000734211829957 0.00352519298153 2